Lage;Zeitpunkt der Messung;Wochentag;Fußgänger insgesamt;Temperatur in ºc;Wetterlage;Fußgänger insgesamt Richtung Neumarkt;Fußgänger insgesamt Richtung Neuer Wall;Erwachsene;Kinder;Erwachsene Richtung Neumarkt;Erwachsene Richtung Neuer Wall;Kinder Richtung Neumarkt;Kinder Richtung Neuer Wall
Steinstraße, Moers;2022-06-01 00:00:00 +0200;Wednesday;11;12;cloudy;7;4;11;0;7;4;0;0
Steinstraße, Moers;2022-06-01 01:00:00 +0200;Wednesday;11;11;cloudy;4;7;10;1;4;6;0;1
Steinstraße, Moers;2022-06-01 02:00:00 +0200;Wednesday;5;10;cloudy;1;4;5;0;1;4;0;0
Steinstraße, Moers;2022-06-01 03:00:00 +0200;Wednesday;29;9;partly-cloudy-night;14;15;26;3;14;12;0;3
Steinstraße, Moers;2022-06-01 04:00:00 +0200;Wednesday;4;8;partly-cloudy-night;1;3;4;0;1;3;0;0
Steinstraße, Moers;2022-06-01 05:00:00 +0200;Wednesday;8;8;partly-cloudy-night;4;4;8;0;4;4;0;0
Steinstraße, Moers;2022-06-01 06:00:00 +0200;Wednesday;62;8;partly-cloudy-day;42;20;58;4;40;18;2;2
Steinstraße, Moers;2022-06-01 07:00:00 +0200;Wednesday;161;9;partly-cloudy-day;91;70;151;10;85;66;6;4
Steinstraße, Moers;2022-06-01 08:00:00 +0200;Wednesday;332;11;partly-cloudy-day;177;155;314;18;167;147;10;8
Steinstraße, Moers;2022-06-01 09:00:00 +0200;Wednesday;735;13;partly-cloudy-day;400;335;692;43;377;315;23;20
Steinstraße, Moers;2022-06-01 10:00:00 +0200;Wednesday;1179;16;partly-cloudy-day;572;607;1105;74;537;568;35;39
Steinstraße, Moers;2022-06-01 11:00:00 +0200;Wednesday;1337;16;partly-cloudy-day;699;638;1290;47;679;611;20;27
Steinstraße, Moers;2022-06-01 12:00:00 +0200;Wednesday;1384;16;partly-cloudy-day;652;732;1331;53;622;709;30;23
Steinstraße, Moers;2022-06-01 13:00:00 +0200;Wednesday;1340;17;partly-cloudy-day;693;647;1290;50;663;627;30;20
Steinstraße, Moers;2022-06-01 14:00:00 +0200;Wednesday;1145;16;partly-cloudy-day;562;583;1108;37;545;563;17;20
Steinstraße, Moers;2022-06-01 15:00:00 +0200;Wednesday;1052;16;partly-cloudy-day;538;514;1011;41;512;499;26;15
Steinstraße, Moers;2022-06-01 16:00:00 +0200;Wednesday;1113;17;partly-cloudy-day;564;549;1069;44;538;531;26;18
Steinstraße, Moers;2022-06-01 17:00:00 +0200;Wednesday;1124;17;partly-cloudy-day;576;548;1081;43;555;526;21;22
Steinstraße, Moers;2022-06-01 18:00:00 +0200;Wednesday;789;18;partly-cloudy-day;378;411;761;28;368;393;10;18
Steinstraße, Moers;2022-06-01 19:00:00 +0200;Wednesday;315;18;partly-cloudy-day;157;158;302;13;149;153;8;5
Steinstraße, Moers;2022-06-01 20:00:00 +0200;Wednesday;131;18;partly-cloudy-day;58;73;128;3;58;70;0;3
Steinstraße, Moers;2022-06-01 21:00:00 +0200;Wednesday;174;18;partly-cloudy-day;75;99;172;2;74;98;1;1
Steinstraße, Moers;2022-06-01 22:00:00 +0200;Wednesday;69;14;partly-cloudy-night;26;43;68;1;26;42;0;1
Steinstraße, Moers;2022-06-01 23:00:00 +0200;Wednesday;20;12;clear-night;7;13;19;1;7;12;0;1
Steinstraße, Moers;2022-06-02 00:00:00 +0200;Thursday;19;11;clear-night;6;13;17;2;6;11;0;2
Steinstraße, Moers;2022-06-02 01:00:00 +0200;Thursday;9;10;clear-night;0;9;9;0;0;9;0;0
Steinstraße, Moers;2022-06-02 02:00:00 +0200;Thursday;4;9;clear-night;1;3;4;0;1;3;0;0
Steinstraße, Moers;2022-06-02 03:00:00 +0200;Thursday;2;8;clear-night;2;0;2;0;2;0;0;0
Steinstraße, Moers;2022-06-02 04:00:00 +0200;Thursday;12;7;clear-night;3;9;12;0;3;9;0;0
Steinstraße, Moers;2022-06-02 05:00:00 +0200;Thursday;10;7;clear-night;4;6;10;0;4;6;0;0
Steinstraße, Moers;2022-06-02 06:00:00 +0200;Thursday;41;7;clear-day;24;17;40;1;24;16;0;1
Steinstraße, Moers;2022-06-02 07:00:00 +0200;Thursday;182;8;clear-day;103;79;175;7;97;78;6;1
Steinstraße, Moers;2022-06-02 08:00:00 +0200;Thursday;340;10;clear-day;186;154;327;13;179;148;7;6
Steinstraße, Moers;2022-06-02 09:00:00 +0200;Thursday;734;12;partly-cloudy-day;362;372;715;19;354;361;8;11
Steinstraße, Moers;2022-06-02 10:00:00 +0200;Thursday;1178;14;partly-cloudy-day;589;589;1133;45;569;564;20;25
Steinstraße, Moers;2022-06-02 11:00:00 +0200;Thursday;1338;16;partly-cloudy-day;698;640;1274;64;661;613;37;27
Steinstraße, Moers;2022-06-02 12:00:00 +0200;Thursday;1464;17;partly-cloudy-day;708;756;1392;72;670;722;38;34
Steinstraße, Moers;2022-06-02 13:00:00 +0200;Thursday;1417;18;partly-cloudy-day;722;695;1355;62;679;676;43;19
Steinstraße, Moers;2022-06-02 14:00:00 +0200;Thursday;1340;18;partly-cloudy-day;665;675;1278;62;635;643;30;32
Steinstraße, Moers;2022-06-02 15:00:00 +0200;Thursday;1462;19;partly-cloudy-day;742;720;1393;69;703;690;39;30
Steinstraße, Moers;2022-06-02 16:00:00 +0200;Thursday;1532;20;partly-cloudy-day;758;774;1464;68;720;744;38;30
Steinstraße, Moers;2022-06-02 17:00:00 +0200;Thursday;1476;21;partly-cloudy-day;749;727;1419;57;718;701;31;26
Steinstraße, Moers;2022-06-02 18:00:00 +0200;Thursday;1015;21;partly-cloudy-day;541;474;957;58;506;451;35;23
Steinstraße, Moers;2022-06-02 19:00:00 +0200;Thursday;425;21;partly-cloudy-day;210;215;413;12;202;211;8;4
Steinstraße, Moers;2022-06-02 20:00:00 +0200;Thursday;228;19;partly-cloudy-day;112;116;223;5;111;112;1;4
Steinstraße, Moers;2022-06-02 21:00:00 +0200;Thursday;156;18;clear-day;58;98;154;2;58;96;0;2
Steinstraße, Moers;2022-06-02 22:00:00 +0200;Thursday;86;16;clear-night;42;44;86;0;42;44;0;0
Steinstraße, Moers;2022-06-02 23:00:00 +0200;Thursday;26;15;clear-night;11;15;26;0;11;15;0;0
Steinstraße, Moers;2022-06-03 00:00:00 +0200;Friday;21;14;clear-night;14;7;21;0;14;7;0;0
Steinstraße, Moers;2022-06-03 01:00:00 +0200;Friday;3;13;clear-night;1;2;3;0;1;2;0;0
Steinstraße, Moers;2022-06-03 02:00:00 +0200;Friday;5;13;clear-night;5;0;5;0;5;0;0;0
Steinstraße, Moers;2022-06-03 03:00:00 +0200;Friday;3;12;clear-night;2;1;3;0;2;1;0;0
Steinstraße, Moers;2022-06-03 04:00:00 +0200;Friday;8;11;clear-night;4;4;8;0;4;4;0;0
Steinstraße, Moers;2022-06-03 05:00:00 +0200;Friday;16;11;clear-night;13;3;16;0;13;3;0;0
Steinstraße, Moers;2022-06-03 06:00:00 +0200;Friday;56;11;clear-day;37;19;53;3;34;19;3;0
Steinstraße, Moers;2022-06-03 07:00:00 +0200;Friday;199;13;partly-cloudy-day;97;102;193;6;96;97;1;5
Steinstraße, Moers;2022-06-03 08:00:00 +0200;Friday;443;14;clear-day;246;197;410;33;232;178;14;19
Steinstraße, Moers;2022-06-03 09:00:00 +0200;Friday;948;16;partly-cloudy-day;480;468;913;35;465;448;15;20
Steinstraße, Moers;2022-06-03 10:00:00 +0200;Friday;1706;19;partly-cloudy-day;833;873;1639;67;800;839;33;34
Steinstraße, Moers;2022-06-03 11:00:00 +0200;Friday;1969;21;partly-cloudy-day;980;989;1890;79;935;955;45;34
Steinstraße, Moers;2022-06-03 12:00:00 +0200;Friday;1790;22;partly-cloudy-day;856;934;1731;59;821;910;35;24
Steinstraße, Moers;2022-06-03 13:00:00 +0200;Friday;1702;24;partly-cloudy-day;864;838;1623;79;828;795;36;43
Steinstraße, Moers;2022-06-03 14:00:00 +0200;Friday;1369;24;cloudy;671;698;1306;63;637;669;34;29
Steinstraße, Moers;2022-06-03 15:00:00 +0200;Friday;1287;25;cloudy;649;638;1237;50;623;614;26;24
Steinstraße, Moers;2022-06-03 16:00:00 +0200;Friday;1560;25;cloudy;766;794;1474;86;715;759;51;35
Steinstraße, Moers;2022-06-03 17:00:00 +0200;Friday;1424;26;cloudy;721;703;1339;85;665;674;56;29
Steinstraße, Moers;2022-06-03 18:00:00 +0200;Friday;1052;26;cloudy;566;486;1005;47;541;464;25;22
Steinstraße, Moers;2022-06-03 19:00:00 +0200;Friday;474;25;cloudy;225;249;465;9;220;245;5;4
Steinstraße, Moers;2022-06-03 20:00:00 +0200;Friday;282;24;cloudy;115;167;276;6;114;162;1;5
Steinstraße, Moers;2022-06-03 21:00:00 +0200;Friday;243;23;cloudy;113;130;234;9;108;126;5;4
Steinstraße, Moers;2022-06-03 22:00:00 +0200;Friday;163;21;cloudy;70;93;159;4;67;92;3;1
Steinstraße, Moers;2022-06-03 23:00:00 +0200;Friday;129;20;cloudy;59;70;125;4;57;68;2;2
Steinstraße, Moers;2022-06-04 00:00:00 +0200;Saturday;52;18;cloudy;19;33;51;1;19;32;0;1
Steinstraße, Moers;2022-06-04 01:00:00 +0200;Saturday;56;17;partly-cloudy-night;21;35;56;0;21;35;0;0
Steinstraße, Moers;2022-06-04 02:00:00 +0200;Saturday;16;16;partly-cloudy-night;7;9;16;0;7;9;0;0
Steinstraße, Moers;2022-06-04 03:00:00 +0200;Saturday;15;15;partly-cloudy-night;13;2;15;0;13;2;0;0
Steinstraße, Moers;2022-06-04 04:00:00 +0200;Saturday;3;14;partly-cloudy-night;1;2;3;0;1;2;0;0
Steinstraße, Moers;2022-06-04 05:00:00 +0200;Saturday;7;14;partly-cloudy-night;4;3;6;1;3;3;1;0
Steinstraße, Moers;2022-06-04 06:00:00 +0200;Saturday;14;14;partly-cloudy-day;12;2;14;0;12;2;0;0
Steinstraße, Moers;2022-06-04 07:00:00 +0200;Saturday;48;15;cloudy;34;14;47;1;34;13;0;1
Steinstraße, Moers;2022-06-04 08:00:00 +0200;Saturday;110;15;cloudy;66;44;107;3;63;44;3;0
Steinstraße, Moers;2022-06-04 09:00:00 +0200;Saturday;351;17;cloudy;175;176;338;13;169;169;6;7
Steinstraße, Moers;2022-06-04 10:00:00 +0200;Saturday;918;18;cloudy;439;479;886;32;425;461;14;18
Steinstraße, Moers;2022-06-04 11:00:00 +0200;Saturday;1682;19;cloudy;922;760;1605;77;869;736;53;24
Steinstraße, Moers;2022-06-04 12:00:00 +0200;Saturday;2094;20;cloudy;1079;1015;2014;80;1027;987;52;28
Steinstraße, Moers;2022-06-04 13:00:00 +0200;Saturday;2172;22;cloudy;1129;1043;2072;100;1076;996;53;47
Steinstraße, Moers;2022-06-04 14:00:00 +0200;Saturday;2215;24;partly-cloudy-day;1120;1095;2113;102;1066;1047;54;48
Steinstraße, Moers;2022-06-04 15:00:00 +0200;Saturday;2310;25;partly-cloudy-day;1137;1173;2228;82;1090;1138;47;35
Steinstraße, Moers;2022-06-04 16:00:00 +0200;Saturday;2227;25;partly-cloudy-day;1161;1066;2120;107;1092;1028;69;38
Steinstraße, Moers;2022-06-04 17:00:00 +0200;Saturday;1752;26;clear-day;925;827;1664;88;876;788;49;39
Steinstraße, Moers;2022-06-04 18:00:00 +0200;Saturday;893;26;clear-day;467;426;861;32;454;407;13;19
Steinstraße, Moers;2022-06-04 19:00:00 +0200;Saturday;472;25;clear-day;239;233;448;24;226;222;13;11
Steinstraße, Moers;2022-06-04 20:00:00 +0200;Saturday;382;24;clear-day;173;209;369;13;166;203;7;6
Steinstraße, Moers;2022-06-04 21:00:00 +0200;Saturday;271;23;partly-cloudy-day;135;136;265;6;131;134;4;2
Steinstraße, Moers;2022-06-04 22:00:00 +0200;Saturday;224;21;partly-cloudy-night;77;147;221;3;77;144;0;3
Steinstraße, Moers;2022-06-04 23:00:00 +0200;Saturday;122;20;partly-cloudy-night;41;81;118;4;40;78;1;3
Steinstraße, Moers;2022-06-05 00:00:00 +0200;Sunday;34;19;partly-cloudy-night;18;16;34;0;18;16;0;0
Steinstraße, Moers;2022-06-05 01:00:00 +0200;Sunday;28;18;partly-cloudy-night;6;22;27;1;6;21;0;1
Steinstraße, Moers;2022-06-05 02:00:00 +0200;Sunday;20;18;partly-cloudy-night;11;9;19;1;11;8;0;1
Steinstraße, Moers;2022-06-05 03:00:00 +0200;Sunday;15;17;cloudy;8;7;15;0;8;7;0;0
Steinstraße, Moers;2022-06-05 04:00:00 +0200;Sunday;4;16;cloudy;1;3;4;0;1;3;0;0
Steinstraße, Moers;2022-06-05 05:00:00 +0200;Sunday;6;16;cloudy;5;1;6;0;5;1;0;0
Steinstraße, Moers;2022-06-05 06:00:00 +0200;Sunday;12;16;cloudy;3;9;11;1;3;8;0;1
Steinstraße, Moers;2022-06-05 07:00:00 +0200;Sunday;18;18;cloudy;12;6;18;0;12;6;0;0
Steinstraße, Moers;2022-06-05 08:00:00 +0200;Sunday;34;19;cloudy;12;22;32;2;11;21;1;1
Steinstraße, Moers;2022-06-05 09:00:00 +0200;Sunday;94;20;cloudy;59;35;94;0;59;35;0;0
Steinstraße, Moers;2022-06-05 10:00:00 +0200;Sunday;150;21;cloudy;85;65;146;4;84;62;1;3
Steinstraße, Moers;2022-06-05 11:00:00 +0200;Sunday;254;21;cloudy;126;128;244;10;118;126;8;2
Steinstraße, Moers;2022-06-05 12:00:00 +0200;Sunday;164;21;rain;84;80;158;6;81;77;3;3
Steinstraße, Moers;2022-06-05 13:00:00 +0200;Sunday;218;19;rain;86;132;211;7;82;129;4;3
Steinstraße, Moers;2022-06-05 14:00:00 +0200;Sunday;201;17;rain;124;77;198;3;123;75;1;2
Steinstraße, Moers;2022-06-05 15:00:00 +0200;Sunday;330;17;rain;171;159;310;20;160;150;11;9
Steinstraße, Moers;2022-06-05 16:00:00 +0200;Sunday;266;17;rain;136;130;257;9;132;125;4;5
Steinstraße, Moers;2022-06-05 17:00:00 +0200;Sunday;147;17;rain;52;95;142;5;50;92;2;3
Steinstraße, Moers;2022-06-05 18:00:00 +0200;Sunday;175;18;rain;83;92;173;2;82;91;1;1
Steinstraße, Moers;2022-06-05 19:00:00 +0200;Sunday;115;18;rain;57;58;110;5;55;55;2;3
Steinstraße, Moers;2022-06-05 20:00:00 +0200;Sunday;72;18;rain;38;34;72;0;38;34;0;0
Steinstraße, Moers;2022-06-05 21:00:00 +0200;Sunday;91;17;rain;43;48;89;2;41;48;2;0
Steinstraße, Moers;2022-06-05 22:00:00 +0200;Sunday;85;17;rain;39;46;85;0;39;46;0;0
Steinstraße, Moers;2022-06-05 23:00:00 +0200;Sunday;50;17;partly-cloudy-night;6;44;49;1;6;43;0;1
Steinstraße, Moers;2022-06-06 00:00:00 +0200;Monday;28;16;rain;7;21;28;0;7;21;0;0
Steinstraße, Moers;2022-06-06 01:00:00 +0200;Monday;22;16;partly-cloudy-night;17;5;22;0;17;5;0;0
Steinstraße, Moers;2022-06-06 02:00:00 +0200;Monday;6;16;partly-cloudy-night;1;5;6;0;1;5;0;0
Steinstraße, Moers;2022-06-06 03:00:00 +0200;Monday;4;15;partly-cloudy-night;3;1;4;0;3;1;0;0
Steinstraße, Moers;2022-06-06 04:00:00 +0200;Monday;7;15;partly-cloudy-night;2;5;6;1;1;5;1;0
Steinstraße, Moers;2022-06-06 05:00:00 +0200;Monday;3;14;partly-cloudy-night;1;2;3;0;1;2;0;0
Steinstraße, Moers;2022-06-06 06:00:00 +0200;Monday;4;14;partly-cloudy-day;3;1;3;1;2;1;1;0
Steinstraße, Moers;2022-06-06 07:00:00 +0200;Monday;23;14;partly-cloudy-day;11;12;20;3;8;12;3;0
Steinstraße, Moers;2022-06-06 08:00:00 +0200;Monday;61;15;partly-cloudy-day;32;29;60;1;32;28;0;1
Steinstraße, Moers;2022-06-06 09:00:00 +0200;Monday;111;15;partly-cloudy-day;66;45;102;9;60;42;6;3
Steinstraße, Moers;2022-06-06 10:00:00 +0200;Monday;209;16;partly-cloudy-day;130;79;199;10;123;76;7;3
Steinstraße, Moers;2022-06-06 11:00:00 +0200;Monday;389;17;partly-cloudy-day;234;155;375;14;224;151;10;4
Steinstraße, Moers;2022-06-06 12:00:00 +0200;Monday;328;18;partly-cloudy-day;160;168;319;9;155;164;5;4
Steinstraße, Moers;2022-06-06 13:00:00 +0200;Monday;458;19;partly-cloudy-day;264;194;441;17;254;187;10;7
Steinstraße, Moers;2022-06-06 14:00:00 +0200;Monday;532;20;partly-cloudy-day;272;260;512;20;262;250;10;10
Steinstraße, Moers;2022-06-06 15:00:00 +0200;Monday;643;20;partly-cloudy-day;348;295;616;27;333;283;15;12
Steinstraße, Moers;2022-06-06 16:00:00 +0200;Monday;611;21;partly-cloudy-day;309;302;592;19;298;294;11;8
Steinstraße, Moers;2022-06-06 17:00:00 +0200;Monday;517;20;cloudy;255;262;500;17;248;252;7;10
Steinstraße, Moers;2022-06-06 18:00:00 +0200;Monday;363;19;cloudy;185;178;359;4;183;176;2;2
Steinstraße, Moers;2022-06-06 19:00:00 +0200;Monday;318;19;rain;150;168;305;13;144;161;6;7
Steinstraße, Moers;2022-06-06 20:00:00 +0200;Monday;180;17;rain;88;92;175;5;85;90;3;2
Steinstraße, Moers;2022-06-06 21:00:00 +0200;Monday;114;16;cloudy;40;74;112;2;39;73;1;1
Steinstraße, Moers;2022-06-06 22:00:00 +0200;Monday;69;15;partly-cloudy-night;26;43;69;0;26;43;0;0
Steinstraße, Moers;2022-06-06 23:00:00 +0200;Monday;18;14;partly-cloudy-night;10;8;18;0;10;8;0;0
Steinstraße, Moers;2022-06-07 00:00:00 +0200;Tuesday;17;13;partly-cloudy-night;4;13;17;0;4;13;0;0
Steinstraße, Moers;2022-06-07 01:00:00 +0200;Tuesday;7;13;partly-cloudy-night;4;3;5;2;3;2;1;1
Steinstraße, Moers;2022-06-07 02:00:00 +0200;Tuesday;5;12;partly-cloudy-night;2;3;5;0;2;3;0;0
Steinstraße, Moers;2022-06-07 03:00:00 +0200;Tuesday;4;12;partly-cloudy-night;2;2;3;1;2;1;0;1
Steinstraße, Moers;2022-06-07 04:00:00 +0200;Tuesday;5;11;partly-cloudy-night;2;3;5;0;2;3;0;0
Steinstraße, Moers;2022-06-07 05:00:00 +0200;Tuesday;18;11;partly-cloudy-night;12;6;18;0;12;6;0;0
Steinstraße, Moers;2022-06-07 06:00:00 +0200;Tuesday;45;11;partly-cloudy-day;25;20;42;3;25;17;0;3
Steinstraße, Moers;2022-06-07 07:00:00 +0200;Tuesday;158;12;partly-cloudy-day;92;66;152;6;89;63;3;3
Steinstraße, Moers;2022-06-07 08:00:00 +0200;Tuesday;363;14;partly-cloudy-day;201;162;329;34;181;148;20;14
Steinstraße, Moers;2022-06-07 09:00:00 +0200;Tuesday;932;15;partly-cloudy-day;468;464;892;40;451;441;17;23
Steinstraße, Moers;2022-06-07 10:00:00 +0200;Tuesday;1529;17;cloudy;818;711;1465;64;781;684;37;27
Steinstraße, Moers;2022-06-07 11:00:00 +0200;Tuesday;1832;18;cloudy;914;918;1741;91;869;872;45;46
Steinstraße, Moers;2022-06-07 12:00:00 +0200;Tuesday;1789;19;cloudy;867;922;1725;64;842;883;25;39
Steinstraße, Moers;2022-06-07 13:00:00 +0200;Tuesday;1701;20;cloudy;800;901;1639;62;763;876;37;25
Steinstraße, Moers;2022-06-07 14:00:00 +0200;Tuesday;1480;20;cloudy;737;743;1450;30;720;730;17;13
Steinstraße, Moers;2022-06-07 15:00:00 +0200;Tuesday;1489;19;cloudy;766;723;1437;52;735;702;31;21
Steinstraße, Moers;2022-06-07 16:00:00 +0200;Tuesday;1507;19;cloudy;747;760;1440;67;722;718;25;42
Steinstraße, Moers;2022-06-07 17:00:00 +0200;Tuesday;1263;18;rain;590;673;1192;71;557;635;33;38
Steinstraße, Moers;2022-06-07 18:00:00 +0200;Tuesday;873;18;rain;459;414;844;29;442;402;17;12
Steinstraße, Moers;2022-06-07 19:00:00 +0200;Tuesday;379;19;cloudy;177;202;367;12;171;196;6;6
Steinstraße, Moers;2022-06-07 20:00:00 +0200;Tuesday;162;18;partly-cloudy-day;69;93;159;3;67;92;2;1
Steinstraße, Moers;2022-06-07 21:00:00 +0200;Tuesday;44;17;partly-cloudy-day;11;33;44;0;11;33;0;0
Steinstraße, Moers;2022-06-07 22:00:00 +0200;Tuesday;34;16;partly-cloudy-night;14;20;34;0;14;20;0;0
Steinstraße, Moers;2022-06-07 23:00:00 +0200;Tuesday;9;15;partly-cloudy-night;9;0;8;1;8;0;1;0
Steinstraße, Moers;2022-06-08 00:00:00 +0200;Wednesday;21;15;partly-cloudy-night;8;13;18;3;8;10;0;3
Steinstraße, Moers;2022-06-08 01:00:00 +0200;Wednesday;2;14;partly-cloudy-night;2;0;2;0;2;0;0;0
Steinstraße, Moers;2022-06-08 02:00:00 +0200;Wednesday;7;14;partly-cloudy-night;0;7;7;0;0;7;0;0
Steinstraße, Moers;2022-06-08 03:00:00 +0200;Wednesday;0;14;partly-cloudy-night;0;0;0;0;0;0;0;0
Steinstraße, Moers;2022-06-08 04:00:00 +0200;Wednesday;4;13;partly-cloudy-night;0;4;4;0;0;4;0;0
Steinstraße, Moers;2022-06-08 05:00:00 +0200;Wednesday;14;12;partly-cloudy-night;10;4;14;0;10;4;0;0
Steinstraße, Moers;2022-06-08 06:00:00 +0200;Wednesday;46;13;partly-cloudy-day;25;21;45;1;25;20;0;1
Steinstraße, Moers;2022-06-08 07:00:00 +0200;Wednesday;137;14;cloudy;79;58;135;2;78;57;1;1
Steinstraße, Moers;2022-06-08 08:00:00 +0200;Wednesday;298;15;partly-cloudy-day;167;131;283;15;161;122;6;9
Steinstraße, Moers;2022-06-08 09:00:00 +0200;Wednesday;662;17;partly-cloudy-day;332;330;634;28;317;317;15;13
Steinstraße, Moers;2022-06-08 10:00:00 +0200;Wednesday;1038;19;partly-cloudy-day;509;529;992;46;486;506;23;23
Steinstraße, Moers;2022-06-08 11:00:00 +0200;Wednesday;1256;19;partly-cloudy-day;625;631;1199;57;592;607;33;24
Steinstraße, Moers;2022-06-08 12:00:00 +0200;Wednesday;908;19;cloudy;457;451;881;27;442;439;15;12
Steinstraße, Moers;2022-06-08 13:00:00 +0200;Wednesday;588;17;rain;276;312;565;23;266;299;10;13
Steinstraße, Moers;2022-06-08 14:00:00 +0200;Wednesday;419;16;rain;196;223;407;12;191;216;5;7
Steinstraße, Moers;2022-06-08 15:00:00 +0200;Wednesday;437;16;rain;232;205;429;8;228;201;4;4
Steinstraße, Moers;2022-06-08 16:00:00 +0200;Wednesday;402;16;rain;181;221;389;13;174;215;7;6
Steinstraße, Moers;2022-06-08 17:00:00 +0200;Wednesday;455;15;rain;237;218;444;11;231;213;6;5
Steinstraße, Moers;2022-06-08 18:00:00 +0200;Wednesday;281;15;rain;134;147;278;3;133;145;1;2
Steinstraße, Moers;2022-06-08 19:00:00 +0200;Wednesday;143;15;rain;64;79;138;5;60;78;4;1
Steinstraße, Moers;2022-06-08 20:00:00 +0200;Wednesday;62;15;rain;27;35;61;1;26;35;1;0
Steinstraße, Moers;2022-06-08 21:00:00 +0200;Wednesday;80;15;rain;30;50;77;3;29;48;1;2
Steinstraße, Moers;2022-06-08 22:00:00 +0200;Wednesday;51;15;cloudy;27;24;51;0;27;24;0;0
Steinstraße, Moers;2022-06-08 23:00:00 +0200;Wednesday;16;15;rain;10;6;16;0;10;6;0;0
Steinstraße, Moers;2022-06-09 00:00:00 +0200;Thursday;12;14;partly-cloudy-night;10;2;12;0;10;2;0;0
Steinstraße, Moers;2022-06-09 01:00:00 +0200;Thursday;3;14;partly-cloudy-night;1;2;3;0;1;2;0;0
Steinstraße, Moers;2022-06-09 02:00:00 +0200;Thursday;4;14;partly-cloudy-night;3;1;4;0;3;1;0;0
Steinstraße, Moers;2022-06-09 03:00:00 +0200;Thursday;4;13;partly-cloudy-night;3;1;4;0;3;1;0;0
Steinstraße, Moers;2022-06-09 04:00:00 +0200;Thursday;5;13;partly-cloudy-night;0;5;5;0;0;5;0;0
Steinstraße, Moers;2022-06-09 05:00:00 +0200;Thursday;13;12;partly-cloudy-night;9;4;13;0;9;4;0;0
Steinstraße, Moers;2022-06-09 06:00:00 +0200;Thursday;38;12;partly-cloudy-day;27;11;37;1;26;11;1;0
Steinstraße, Moers;2022-06-09 07:00:00 +0200;Thursday;124;13;partly-cloudy-day;73;51;121;3;73;48;0;3
Steinstraße, Moers;2022-06-09 08:00:00 +0200;Thursday;295;14;partly-cloudy-day;150;145;287;8;145;142;5;3
Steinstraße, Moers;2022-06-09 09:00:00 +0200;Thursday;640;14;partly-cloudy-day;318;322;612;28;306;306;12;16
Steinstraße, Moers;2022-06-09 10:00:00 +0200;Thursday;1116;16;partly-cloudy-day;566;550;1082;34;549;533;17;17
Steinstraße, Moers;2022-06-09 11:00:00 +0200;Thursday;1258;16;rain;656;602;1211;47;631;580;25;22
Steinstraße, Moers;2022-06-09 12:00:00 +0200;Thursday;1371;17;rain;701;670;1321;50;674;647;27;23
Steinstraße, Moers;2022-06-09 13:00:00 +0200;Thursday;1388;18;rain;652;736;1332;56;624;708;28;28
Steinstraße, Moers;2022-06-09 14:00:00 +0200;Thursday;1297;19;rain;633;664;1255;42;609;646;24;18
Steinstraße, Moers;2022-06-09 15:00:00 +0200;Thursday;1046;19;rain;524;522;1004;42;500;504;24;18
Steinstraße, Moers;2022-06-09 16:00:00 +0200;Thursday;1161;20;partly-cloudy-day;568;593;1118;43;543;575;25;18
Steinstraße, Moers;2022-06-09 17:00:00 +0200;Thursday;1294;20;partly-cloudy-day;627;667;1230;64;598;632;29;35
Steinstraße, Moers;2022-06-09 18:00:00 +0200;Thursday;921;19;partly-cloudy-day;493;428;890;31;473;417;20;11
Steinstraße, Moers;2022-06-09 19:00:00 +0200;Thursday;315;19;partly-cloudy-day;161;154;303;12;152;151;9;3
Steinstraße, Moers;2022-06-09 20:00:00 +0200;Thursday;175;19;partly-cloudy-day;68;107;172;3;66;106;2;1
Steinstraße, Moers;2022-06-09 21:00:00 +0200;Thursday;108;18;partly-cloudy-day;54;54;108;0;54;54;0;0
Steinstraße, Moers;2022-06-09 22:00:00 +0200;Thursday;76;16;clear-night;22;54;73;3;22;51;0;3
Steinstraße, Moers;2022-06-09 23:00:00 +0200;Thursday;40;15;clear-night;20;20;38;2;19;19;1;1
Steinstraße, Moers;2022-06-10 00:00:00 +0200;Friday;13;14;partly-cloudy-night;9;4;13;0;9;4;0;0
Steinstraße, Moers;2022-06-10 01:00:00 +0200;Friday;4;14;partly-cloudy-night;1;3;4;0;1;3;0;0
Steinstraße, Moers;2022-06-10 02:00:00 +0200;Friday;2;13;partly-cloudy-night;1;1;2;0;1;1;0;0
Steinstraße, Moers;2022-06-10 03:00:00 +0200;Friday;4;13;partly-cloudy-night;3;1;3;1;2;1;1;0
Steinstraße, Moers;2022-06-10 04:00:00 +0200;Friday;4;12;partly-cloudy-night;0;4;4;0;0;4;0;0
Steinstraße, Moers;2022-06-10 05:00:00 +0200;Friday;16;12;clear-night;12;4;15;1;11;4;1;0
Steinstraße, Moers;2022-06-10 06:00:00 +0200;Friday;48;12;partly-cloudy-day;30;18;46;2;30;16;0;2
Steinstraße, Moers;2022-06-10 07:00:00 +0200;Friday;165;14;partly-cloudy-day;81;84;159;6;81;78;0;6
Steinstraße, Moers;2022-06-10 08:00:00 +0200;Friday;357;14;partly-cloudy-day;194;163;341;16;182;159;12;4
Steinstraße, Moers;2022-06-10 09:00:00 +0200;Friday;1017;15;cloudy;533;484;989;28;518;471;15;13
Steinstraße, Moers;2022-06-10 10:00:00 +0200;Friday;1681;16;cloudy;879;802;1612;69;843;769;36;33
Steinstraße, Moers;2022-06-10 11:00:00 +0200;Friday;1864;17;partly-cloudy-day;946;918;1780;84;902;878;44;40
Steinstraße, Moers;2022-06-10 12:00:00 +0200;Friday;1812;18;partly-cloudy-day;903;909;1758;54;872;886;31;23
Steinstraße, Moers;2022-06-10 13:00:00 +0200;Friday;1493;20;partly-cloudy-day;729;764;1444;49;703;741;26;23
Steinstraße, Moers;2022-06-10 14:00:00 +0200;Friday;1228;21;partly-cloudy-day;612;616;1180;48;587;593;25;23
Steinstraße, Moers;2022-06-10 15:00:00 +0200;Friday;1408;22;cloudy;718;690;1342;66;687;655;31;35
Steinstraße, Moers;2022-06-10 16:00:00 +0200;Friday;1516;23;cloudy;739;777;1463;53;710;753;29;24
Steinstraße, Moers;2022-06-10 17:00:00 +0200;Friday;1489;22;partly-cloudy-day;789;700;1419;70;749;670;40;30
Steinstraße, Moers;2022-06-10 18:00:00 +0200;Friday;1011;23;partly-cloudy-day;509;502;979;32;493;486;16;16
Steinstraße, Moers;2022-06-10 19:00:00 +0200;Friday;444;23;partly-cloudy-day;242;202;432;12;237;195;5;7
Steinstraße, Moers;2022-06-10 20:00:00 +0200;Friday;239;22;partly-cloudy-day;127;112;231;8;124;107;3;5
Steinstraße, Moers;2022-06-10 21:00:00 +0200;Friday;192;21;partly-cloudy-day;89;103;187;5;86;101;3;2
Steinstraße, Moers;2022-06-10 22:00:00 +0200;Friday;131;20;partly-cloudy-night;48;83;125;6;47;78;1;5
Steinstraße, Moers;2022-06-10 23:00:00 +0200;Friday;101;19;partly-cloudy-night;38;63;99;2;38;61;0;2
Steinstraße, Moers;2022-06-11 00:00:00 +0200;Saturday;49;18;partly-cloudy-night;11;38;48;1;11;37;0;1
Steinstraße, Moers;2022-06-11 01:00:00 +0200;Saturday;43;17;partly-cloudy-night;27;16;43;0;27;16;0;0
Steinstraße, Moers;2022-06-11 02:00:00 +0200;Saturday;9;17;partly-cloudy-night;2;7;9;0;2;7;0;0
Steinstraße, Moers;2022-06-11 03:00:00 +0200;Saturday;14;17;partly-cloudy-night;11;3;12;2;9;3;2;0
Steinstraße, Moers;2022-06-11 04:00:00 +0200;Saturday;13;16;partly-cloudy-night;0;13;13;0;0;13;0;0
Steinstraße, Moers;2022-06-11 05:00:00 +0200;Saturday;5;16;partly-cloudy-night;5;0;4;1;4;0;1;0
Steinstraße, Moers;2022-06-11 06:00:00 +0200;Saturday;23;16;partly-cloudy-day;14;9;20;3;12;8;2;1
Steinstraße, Moers;2022-06-11 07:00:00 +0200;Saturday;34;16;partly-cloudy-day;17;17;33;1;16;17;1;0
Steinstraße, Moers;2022-06-11 08:00:00 +0200;Saturday;120;17;partly-cloudy-day;63;57;112;8;57;55;6;2
Steinstraße, Moers;2022-06-11 09:00:00 +0200;Saturday;366;18;partly-cloudy-day;196;170;357;9;190;167;6;3
Steinstraße, Moers;2022-06-11 10:00:00 +0200;Saturday;1018;18;partly-cloudy-day;511;507;969;49;490;479;21;28
Steinstraße, Moers;2022-06-11 11:00:00 +0200;Saturday;1563;19;partly-cloudy-day;805;758;1511;52;769;742;36;16
Steinstraße, Moers;2022-06-11 12:00:00 +0200;Saturday;1914;19;partly-cloudy-day;960;954;1856;58;934;922;26;32
Steinstraße, Moers;2022-06-11 13:00:00 +0200;Saturday;2111;20;partly-cloudy-day;1032;1079;2039;72;994;1045;38;34
Steinstraße, Moers;2022-06-11 14:00:00 +0200;Saturday;2033;22;partly-cloudy-day;1052;981;1955;78;1014;941;38;40
Steinstraße, Moers;2022-06-11 15:00:00 +0200;Saturday;1998;23;partly-cloudy-day;1025;973;1917;81;976;941;49;32
Steinstraße, Moers;2022-06-11 16:00:00 +0200;Saturday;1676;24;partly-cloudy-day;822;854;1601;75;784;817;38;37
Steinstraße, Moers;2022-06-11 17:00:00 +0200;Saturday;1418;24;partly-cloudy-day;727;691;1353;65;691;662;36;29
Steinstraße, Moers;2022-06-11 18:00:00 +0200;Saturday;792;25;partly-cloudy-day;348;444;769;23;339;430;9;14
Steinstraße, Moers;2022-06-11 19:00:00 +0200;Saturday;405;25;partly-cloudy-day;219;186;391;14;214;177;5;9
Steinstraße, Moers;2022-06-11 20:00:00 +0200;Saturday;257;23;partly-cloudy-day;127;130;252;5;125;127;2;3
Steinstraße, Moers;2022-06-11 21:00:00 +0200;Saturday;232;22;partly-cloudy-day;130;102;228;4;128;100;2;2
Steinstraße, Moers;2022-06-11 22:00:00 +0200;Saturday;127;20;partly-cloudy-night;60;67;126;1;59;67;1;0
Steinstraße, Moers;2022-06-11 23:00:00 +0200;Saturday;109;18;partly-cloudy-night;52;57;109;0;52;57;0;0
Steinstraße, Moers;2022-06-12 00:00:00 +0200;Sunday;51;17;partly-cloudy-night;21;30;51;0;21;30;0;0
Steinstraße, Moers;2022-06-12 01:00:00 +0200;Sunday;14;17;partly-cloudy-night;7;7;14;0;7;7;0;0
Steinstraße, Moers;2022-06-12 02:00:00 +0200;Sunday;8;16;partly-cloudy-night;4;4;8;0;4;4;0;0
Steinstraße, Moers;2022-06-12 03:00:00 +0200;Sunday;4;15;partly-cloudy-night;3;1;4;0;3;1;0;0
Steinstraße, Moers;2022-06-12 04:00:00 +0200;Sunday;4;13;partly-cloudy-night;4;0;4;0;4;0;0;0
Steinstraße, Moers;2022-06-12 05:00:00 +0200;Sunday;5;13;partly-cloudy-night;1;4;5;0;1;4;0;0
Steinstraße, Moers;2022-06-12 06:00:00 +0200;Sunday;13;13;partly-cloudy-day;4;9;12;1;3;9;1;0
Steinstraße, Moers;2022-06-12 07:00:00 +0200;Sunday;23;14;partly-cloudy-day;10;13;23;0;10;13;0;0
Steinstraße, Moers;2022-06-12 08:00:00 +0200;Sunday;55;15;clear-day;31;24;52;3;29;23;2;1
Steinstraße, Moers;2022-06-12 09:00:00 +0200;Sunday;74;17;clear-day;49;25;70;4;45;25;4;0
Steinstraße, Moers;2022-06-12 10:00:00 +0200;Sunday;169;18;clear-day;99;70;164;5;95;69;4;1
Steinstraße, Moers;2022-06-12 11:00:00 +0200;Sunday;246;20;clear-day;129;117;236;10;122;114;7;3
Steinstraße, Moers;2022-06-12 12:00:00 +0200;Sunday;345;21;partly-cloudy-day;185;160;326;19;176;150;9;10
Steinstraße, Moers;2022-06-12 13:00:00 +0200;Sunday;391;22;partly-cloudy-day;208;183;359;32;191;168;17;15
Steinstraße, Moers;2022-06-12 14:00:00 +0200;Sunday;471;23;partly-cloudy-day;261;210;450;21;248;202;13;8
Steinstraße, Moers;2022-06-12 15:00:00 +0200;Sunday;451;23;partly-cloudy-day;245;206;433;18;235;198;10;8
Steinstraße, Moers;2022-06-12 16:00:00 +0200;Sunday;580;24;partly-cloudy-day;282;298;554;26;269;285;13;13
Steinstraße, Moers;2022-06-12 17:00:00 +0200;Sunday;470;22;partly-cloudy-day;219;251;449;21;212;237;7;14
Steinstraße, Moers;2022-06-12 18:00:00 +0200;Sunday;322;23;partly-cloudy-day;167;155;311;11;160;151;7;4
Steinstraße, Moers;2022-06-12 19:00:00 +0200;Sunday;280;22;partly-cloudy-day;122;158;272;8;119;153;3;5
Steinstraße, Moers;2022-06-12 20:00:00 +0200;Sunday;169;21;partly-cloudy-day;84;85;160;9;78;82;6;3
Steinstraße, Moers;2022-06-12 21:00:00 +0200;Sunday;110;19;partly-cloudy-day;38;72;107;3;38;69;0;3
Steinstraße, Moers;2022-06-12 22:00:00 +0200;Sunday;75;18;partly-cloudy-night;34;41;73;2;33;40;1;1
Steinstraße, Moers;2022-06-12 23:00:00 +0200;Sunday;21;16;partly-cloudy-night;12;9;21;0;12;9;0;0
Steinstraße, Moers;2022-06-13 00:00:00 +0200;Monday;3;14;partly-cloudy-night;2;1;3;0;2;1;0;0
Steinstraße, Moers;2022-06-13 01:00:00 +0200;Monday;0;13;clear-night;0;0;0;0;0;0;0;0
Steinstraße, Moers;2022-06-13 02:00:00 +0200;Monday;0;12;partly-cloudy-night;0;0;0;0;0;0;0;0
Steinstraße, Moers;2022-06-13 03:00:00 +0200;Monday;4;11;partly-cloudy-night;1;3;4;0;1;3;0;0
Steinstraße, Moers;2022-06-13 04:00:00 +0200;Monday;8;10;partly-cloudy-night;6;2;8;0;6;2;0;0
Steinstraße, Moers;2022-06-13 05:00:00 +0200;Monday;18;11;partly-cloudy-night;11;7;18;0;11;7;0;0
Steinstraße, Moers;2022-06-13 06:00:00 +0200;Monday;45;11;partly-cloudy-day;27;18;44;1;27;17;0;1
Steinstraße, Moers;2022-06-13 07:00:00 +0200;Monday;131;12;partly-cloudy-day;70;61;129;2;70;59;0;2
Steinstraße, Moers;2022-06-13 08:00:00 +0200;Monday;273;13;partly-cloudy-day;148;125;260;13;139;121;9;4
Steinstraße, Moers;2022-06-13 09:00:00 +0200;Monday;644;15;partly-cloudy-day;323;321;622;22;316;306;7;15
Steinstraße, Moers;2022-06-13 10:00:00 +0200;Monday;1144;17;partly-cloudy-day;589;555;1100;44;562;538;27;17
Steinstraße, Moers;2022-06-13 11:00:00 +0200;Monday;1497;18;partly-cloudy-day;748;749;1440;57;721;719;27;30
Steinstraße, Moers;2022-06-13 12:00:00 +0200;Monday;1429;19;partly-cloudy-day;725;704;1382;47;701;681;24;23
Steinstraße, Moers;2022-06-13 13:00:00 +0200;Monday;1481;19;partly-cloudy-day;738;743;1421;60;713;708;25;35
Steinstraße, Moers;2022-06-13 14:00:00 +0200;Monday;1299;19;partly-cloudy-day;672;627;1251;48;645;606;27;21
Steinstraße, Moers;2022-06-13 15:00:00 +0200;Monday;1488;19;partly-cloudy-day;712;776;1418;70;672;746;40;30
Steinstraße, Moers;2022-06-13 16:00:00 +0200;Monday;1547;20;partly-cloudy-day;757;790;1471;76;718;753;39;37
Steinstraße, Moers;2022-06-13 17:00:00 +0200;Monday;1497;20;partly-cloudy-day;735;762;1428;69;696;732;39;30
Steinstraße, Moers;2022-06-13 18:00:00 +0200;Monday;1007;20;partly-cloudy-day;514;493;972;35;497;475;17;18
Steinstraße, Moers;2022-06-13 19:00:00 +0200;Monday;437;20;partly-cloudy-day;215;222;423;14;207;216;8;6
Steinstraße, Moers;2022-06-13 20:00:00 +0200;Monday;143;19;partly-cloudy-day;54;89;136;7;51;85;3;4
Steinstraße, Moers;2022-06-13 21:00:00 +0200;Monday;110;17;clear-day;49;61;110;0;49;61;0;0
Steinstraße, Moers;2022-06-13 22:00:00 +0200;Monday;50;15;clear-night;17;33;50;0;17;33;0;0
Steinstraße, Moers;2022-06-13 23:00:00 +0200;Monday;38;14;clear-night;15;23;38;0;15;23;0;0
Steinstraße, Moers;2022-06-14 00:00:00 +0200;Tuesday;8;12;clear-night;3;5;8;0;3;5;0;0
Steinstraße, Moers;2022-06-14 01:00:00 +0200;Tuesday;4;11;clear-night;3;1;4;0;3;1;0;0
Steinstraße, Moers;2022-06-14 02:00:00 +0200;Tuesday;8;10;clear-night;3;5;8;0;3;5;0;0
Steinstraße, Moers;2022-06-14 03:00:00 +0200;Tuesday;2;9;partly-cloudy-night;0;2;2;0;0;2;0;0
Steinstraße, Moers;2022-06-14 04:00:00 +0200;Tuesday;3;9;partly-cloudy-night;0;3;3;0;0;3;0;0
Steinstraße, Moers;2022-06-14 05:00:00 +0200;Tuesday;17;8;partly-cloudy-night;12;5;16;1;11;5;1;0
Steinstraße, Moers;2022-06-14 06:00:00 +0200;Tuesday;68;9;partly-cloudy-day;45;23;66;2;43;23;2;0
Steinstraße, Moers;2022-06-14 07:00:00 +0200;Tuesday;156;10;partly-cloudy-day;78;78;148;8;75;73;3;5
Steinstraße, Moers;2022-06-14 08:00:00 +0200;Tuesday;330;12;partly-cloudy-day;163;167;316;14;156;160;7;7
Steinstraße, Moers;2022-06-14 09:00:00 +0200;Tuesday;969;14;clear-day;488;481;931;38;469;462;19;19
Steinstraße, Moers;2022-06-14 10:00:00 +0200;Tuesday;1575;16;partly-cloudy-day;804;771;1505;70;767;738;37;33
Steinstraße, Moers;2022-06-14 11:00:00 +0200;Tuesday;1920;18;partly-cloudy-day;986;934;1822;98;930;892;56;42
Steinstraße, Moers;2022-06-14 12:00:00 +0200;Tuesday;1883;19;clear-day;914;969;1824;59;887;937;27;32
Steinstraße, Moers;2022-06-14 13:00:00 +0200;Tuesday;1576;20;clear-day;783;793;1516;60;750;766;33;27
Steinstraße, Moers;2022-06-14 14:00:00 +0200;Tuesday;1426;20;clear-day;696;730;1355;71;651;704;45;26
Steinstraße, Moers;2022-06-14 15:00:00 +0200;Tuesday;1467;21;clear-day;710;757;1406;61;681;725;29;32
Steinstraße, Moers;2022-06-14 16:00:00 +0200;Tuesday;1613;22;clear-day;800;813;1546;67;761;785;39;28
Steinstraße, Moers;2022-06-14 17:00:00 +0200;Tuesday;1550;22;clear-day;777;773;1504;46;750;754;27;19
Steinstraße, Moers;2022-06-14 18:00:00 +0200;Tuesday;923;23;clear-day;485;438;891;32;468;423;17;15
Steinstraße, Moers;2022-06-14 19:00:00 +0200;Tuesday;453;22;clear-day;204;249;434;19;198;236;6;13
Steinstraße, Moers;2022-06-14 20:00:00 +0200;Tuesday;165;22;partly-cloudy-day;74;91;162;3;72;90;2;1
Steinstraße, Moers;2022-06-14 21:00:00 +0200;Tuesday;80;20;partly-cloudy-day;30;50;78;2;29;49;1;1
Steinstraße, Moers;2022-06-14 22:00:00 +0200;Tuesday;75;18;clear-night;28;47;75;0;28;47;0;0
Steinstraße, Moers;2022-06-14 23:00:00 +0200;Tuesday;37;16;clear-night;14;23;37;0;14;23;0;0
Steinstraße, Moers;2022-06-15 00:00:00 +0200;Wednesday;18;15;clear-night;10;8;18;0;10;8;0;0
Steinstraße, Moers;2022-06-15 01:00:00 +0200;Wednesday;4;14;clear-night;2;2;4;0;2;2;0;0
Steinstraße, Moers;2022-06-15 02:00:00 +0200;Wednesday;6;14;clear-night;4;2;6;0;4;2;0;0
Steinstraße, Moers;2022-06-15 03:00:00 +0200;Wednesday;7;13;clear-night;2;5;7;0;2;5;0;0
Steinstraße, Moers;2022-06-15 04:00:00 +0200;Wednesday;4;12;clear-night;0;4;4;0;0;4;0;0
Steinstraße, Moers;2022-06-15 05:00:00 +0200;Wednesday;9;12;clear-night;7;2;9;0;7;2;0;0
Steinstraße, Moers;2022-06-15 06:00:00 +0200;Wednesday;57;12;clear-day;30;27;55;2;29;26;1;1
Steinstraße, Moers;2022-06-15 07:00:00 +0200;Wednesday;140;13;clear-day;77;63;134;6;76;58;1;5
Steinstraße, Moers;2022-06-15 08:00:00 +0200;Wednesday;279;16;clear-day;158;121;267;12;152;115;6;6
Steinstraße, Moers;2022-06-15 09:00:00 +0200;Wednesday;706;18;clear-day;375;331;684;22;368;316;7;15
Steinstraße, Moers;2022-06-15 10:00:00 +0200;Wednesday;1164;20;clear-day;587;577;1100;64;555;545;32;32
Steinstraße, Moers;2022-06-15 11:00:00 +0200;Wednesday;1295;22;clear-day;640;655;1227;68;607;620;33;35
Steinstraße, Moers;2022-06-15 12:00:00 +0200;Wednesday;1429;23;clear-day;694;735;1371;58;663;708;31;27
Steinstraße, Moers;2022-06-15 13:00:00 +0200;Wednesday;1471;25;clear-day;743;728;1418;53;715;703;28;25
Steinstraße, Moers;2022-06-15 14:00:00 +0200;Wednesday;1135;25;clear-day;588;547;1090;45;563;527;25;20
Steinstraße, Moers;2022-06-15 15:00:00 +0200;Wednesday;1255;26;clear-day;626;629;1222;33;607;615;19;14
Steinstraße, Moers;2022-06-15 16:00:00 +0200;Wednesday;1217;27;clear-day;589;628;1159;58;555;604;34;24
Steinstraße, Moers;2022-06-15 17:00:00 +0200;Wednesday;1190;26;clear-day;601;589;1156;34;585;571;16;18
Steinstraße, Moers;2022-06-15 18:00:00 +0200;Wednesday;1070;26;clear-day;564;506;1023;47;540;483;24;23
Steinstraße, Moers;2022-06-15 19:00:00 +0200;Wednesday;489;26;clear-day;262;227;477;12;257;220;5;7
Steinstraße, Moers;2022-06-15 20:00:00 +0200;Wednesday;251;26;clear-day;112;139;243;8;109;134;3;5
Steinstraße, Moers;2022-06-15 21:00:00 +0200;Wednesday;245;24;clear-day;100;145;241;4;97;144;3;1
Steinstraße, Moers;2022-06-15 22:00:00 +0200;Wednesday;155;22;partly-cloudy-night;72;83;149;6;70;79;2;4
Steinstraße, Moers;2022-06-15 23:00:00 +0200;Wednesday;81;20;clear-night;26;55;79;2;26;53;0;2
Steinstraße, Moers;2022-06-16 00:00:00 +0200;Thursday;37;18;clear-night;21;16;35;2;21;14;0;2
Steinstraße, Moers;2022-06-16 01:00:00 +0200;Thursday;10;17;partly-cloudy-night;6;4;10;0;6;4;0;0
Steinstraße, Moers;2022-06-16 02:00:00 +0200;Thursday;13;17;partly-cloudy-night;3;10;13;0;3;10;0;0
Steinstraße, Moers;2022-06-16 03:00:00 +0200;Thursday;7;16;partly-cloudy-night;3;4;7;0;3;4;0;0
Steinstraße, Moers;2022-06-16 04:00:00 +0200;Thursday;3;15;partly-cloudy-night;1;2;3;0;1;2;0;0
Steinstraße, Moers;2022-06-16 05:00:00 +0200;Thursday;6;14;clear-night;2;4;6;0;2;4;0;0
Steinstraße, Moers;2022-06-16 06:00:00 +0200;Thursday;12;14;clear-day;8;4;11;1;7;4;1;0
Steinstraße, Moers;2022-06-16 07:00:00 +0200;Thursday;17;15;clear-day;12;5;16;1;11;5;1;0
Steinstraße, Moers;2022-06-16 08:00:00 +0200;Thursday;54;17;clear-day;25;29;52;2;25;27;0;2
Steinstraße, Moers;2022-06-16 09:00:00 +0200;Thursday;108;18;clear-day;64;44;102;6;60;42;4;2
Steinstraße, Moers;2022-06-16 10:00:00 +0200;Thursday;157;20;clear-day;106;51;153;4;103;50;3;1
Steinstraße, Moers;2022-06-16 11:00:00 +0200;Thursday;232;21;clear-day;116;116;227;5;115;112;1;4
Steinstraße, Moers;2022-06-16 12:00:00 +0200;Thursday;284;22;clear-day;162;122;278;6;159;119;3;3
Steinstraße, Moers;2022-06-16 13:00:00 +0200;Thursday;375;23;clear-day;200;175;358;17;192;166;8;9
Steinstraße, Moers;2022-06-16 14:00:00 +0200;Thursday;360;24;clear-day;217;143;345;15;206;139;11;4
Steinstraße, Moers;2022-06-16 15:00:00 +0200;Thursday;543;25;clear-day;283;260;527;16;273;254;10;6
Steinstraße, Moers;2022-06-16 16:00:00 +0200;Thursday;476;25;clear-day;242;234;460;16;234;226;8;8
Steinstraße, Moers;2022-06-16 17:00:00 +0200;Thursday;427;26;partly-cloudy-day;218;209;404;23;203;201;15;8
Steinstraße, Moers;2022-06-16 18:00:00 +0200;Thursday;390;26;partly-cloudy-day;172;218;371;19;162;209;10;9
Steinstraße, Moers;2022-06-16 19:00:00 +0200;Thursday;351;25;partly-cloudy-day;181;170;331;20;171;160;10;10
Steinstraße, Moers;2022-06-16 20:00:00 +0200;Thursday;213;24;partly-cloudy-day;84;129;209;4;83;126;1;3
Steinstraße, Moers;2022-06-16 21:00:00 +0200;Thursday;166;23;partly-cloudy-day;85;81;158;8;82;76;3;5
Steinstraße, Moers;2022-06-16 22:00:00 +0200;Thursday;120;21;clear-night;46;74;117;3;43;74;3;0
Steinstraße, Moers;2022-06-16 23:00:00 +0200;Thursday;42;19;partly-cloudy-night;18;24;42;0;18;24;0;0
Steinstraße, Moers;2022-06-17 00:00:00 +0200;Friday;20;18;partly-cloudy-night;11;9;19;1;11;8;0;1
Steinstraße, Moers;2022-06-17 01:00:00 +0200;Friday;3;17;partly-cloudy-night;1;2;3;0;1;2;0;0
Steinstraße, Moers;2022-06-17 02:00:00 +0200;Friday;7;16;cloudy;2;5;7;0;2;5;0;0
Steinstraße, Moers;2022-06-17 03:00:00 +0200;Friday;7;15;cloudy;4;3;7;0;4;3;0;0
Steinstraße, Moers;2022-06-17 04:00:00 +0200;Friday;4;14;cloudy;1;3;4;0;1;3;0;0
Steinstraße, Moers;2022-06-17 05:00:00 +0200;Friday;9;14;cloudy;6;3;9;0;6;3;0;0
Steinstraße, Moers;2022-06-17 06:00:00 +0200;Friday;49;15;cloudy;30;19;46;3;27;19;3;0
Steinstraße, Moers;2022-06-17 07:00:00 +0200;Friday;124;16;cloudy;59;65;120;4;59;61;0;4
Steinstraße, Moers;2022-06-17 08:00:00 +0200;Friday;430;18;cloudy;267;163;411;19;256;155;11;8
Steinstraße, Moers;2022-06-17 09:00:00 +0200;Friday;1102;20;cloudy;573;529;1068;34;553;515;20;14
Steinstraße, Moers;2022-06-17 10:00:00 +0200;Friday;2079;22;partly-cloudy-day;1102;977;1983;96;1047;936;55;41
Steinstraße, Moers;2022-06-17 11:00:00 +0200;Friday;2299;24;cloudy;1156;1143;2206;93;1097;1109;59;34
Steinstraße, Moers;2022-06-17 12:00:00 +0200;Friday;2267;25;cloudy;1102;1165;2182;85;1044;1138;58;27
Steinstraße, Moers;2022-06-17 13:00:00 +0200;Friday;1866;26;cloudy;905;961;1779;87;857;922;48;39
Steinstraße, Moers;2022-06-17 14:00:00 +0200;Friday;1740;27;partly-cloudy-day;858;882;1684;56;830;854;28;28
Steinstraße, Moers;2022-06-17 15:00:00 +0200;Friday;1532;28;partly-cloudy-day;805;727;1486;46;783;703;22;24
Steinstraße, Moers;2022-06-17 16:00:00 +0200;Friday;1576;29;partly-cloudy-day;790;786;1502;74;753;749;37;37
Steinstraße, Moers;2022-06-17 17:00:00 +0200;Friday;1306;30;partly-cloudy-day;619;687;1261;45;596;665;23;22
Steinstraße, Moers;2022-06-17 18:00:00 +0200;Friday;972;30;partly-cloudy-day;529;443;924;48;500;424;29;19
Steinstraße, Moers;2022-06-17 19:00:00 +0200;Friday;548;30;partly-cloudy-day;291;257;525;23;283;242;8;15
Steinstraße, Moers;2022-06-17 20:00:00 +0200;Friday;293;29;partly-cloudy-day;148;145;288;5;146;142;2;3
Steinstraße, Moers;2022-06-17 21:00:00 +0200;Friday;265;27;cloudy;100;165;255;10;95;160;5;5
Steinstraße, Moers;2022-06-17 22:00:00 +0200;Friday;180;25;partly-cloudy-night;72;108;178;2;71;107;1;1
Steinstraße, Moers;2022-06-17 23:00:00 +0200;Friday;85;24;partly-cloudy-night;27;58;83;2;27;56;0;2
Steinstraße, Moers;2022-06-18 00:00:00 +0200;Saturday;34;23;partly-cloudy-night;22;12;33;1;21;12;1;0
Steinstraße, Moers;2022-06-18 01:00:00 +0200;Saturday;15;22;partly-cloudy-night;6;9;15;0;6;9;0;0
Steinstraße, Moers;2022-06-18 02:00:00 +0200;Saturday;13;22;clear-night;1;12;12;1;1;11;0;1
Steinstraße, Moers;2022-06-18 03:00:00 +0200;Saturday;11;21;clear-night;4;7;11;0;4;7;0;0
Steinstraße, Moers;2022-06-18 04:00:00 +0200;Saturday;9;20;clear-night;1;8;9;0;1;8;0;0
Steinstraße, Moers;2022-06-18 05:00:00 +0200;Saturday;6;20;clear-night;4;2;5;1;4;1;0;1
Steinstraße, Moers;2022-06-18 06:00:00 +0200;Saturday;32;19;clear-day;24;8;32;0;24;8;0;0
Steinstraße, Moers;2022-06-18 07:00:00 +0200;Saturday;46;21;clear-day;24;22;46;0;24;22;0;0
Steinstraße, Moers;2022-06-18 08:00:00 +0200;Saturday;116;23;clear-day;61;55;115;1;60;55;1;0
Steinstraße, Moers;2022-06-18 09:00:00 +0200;Saturday;449;25;clear-day;234;215;426;23;218;208;16;7
Steinstraße, Moers;2022-06-18 10:00:00 +0200;Saturday;1040;27;clear-day;530;510;1003;37;508;495;22;15
Steinstraße, Moers;2022-06-18 11:00:00 +0200;Saturday;1509;29;clear-day;797;712;1461;48;769;692;28;20
Steinstraße, Moers;2022-06-18 12:00:00 +0200;Saturday;1529;30;clear-day;789;740;1469;60;752;717;37;23
Steinstraße, Moers;2022-06-18 13:00:00 +0200;Saturday;1360;32;clear-day;670;690;1325;35;651;674;19;16
Steinstraße, Moers;2022-06-18 14:00:00 +0200;Saturday;1099;32;clear-day;568;531;1075;24;553;522;15;9
Steinstraße, Moers;2022-06-18 15:00:00 +0200;Saturday;981;33;clear-day;480;501;945;36;465;480;15;21
Steinstraße, Moers;2022-06-18 16:00:00 +0200;Saturday;783;33;clear-day;371;412;764;19;360;404;11;8
Steinstraße, Moers;2022-06-18 17:00:00 +0200;Saturday;628;33;clear-day;293;335;612;16;287;325;6;10
Steinstraße, Moers;2022-06-18 18:00:00 +0200;Saturday;371;33;clear-day;178;193;363;8;176;187;2;6
Steinstraße, Moers;2022-06-18 19:00:00 +0200;Saturday;294;33;clear-day;183;111;288;6;181;107;2;4
Steinstraße, Moers;2022-06-18 20:00:00 +0200;Saturday;255;32;partly-cloudy-day;122;133;248;7;117;131;5;2
Steinstraße, Moers;2022-06-18 21:00:00 +0200;Saturday;250;30;partly-cloudy-day;120;130;248;2;119;129;1;1
Steinstraße, Moers;2022-06-18 22:00:00 +0200;Saturday;182;28;partly-cloudy-night;64;118;179;3;62;117;2;1
Steinstraße, Moers;2022-06-18 23:00:00 +0200;Saturday;88;26;partly-cloudy-night;50;38;87;1;49;38;1;0
Steinstraße, Moers;2022-06-19 00:00:00 +0200;Sunday;47;24;partly-cloudy-night;17;30;45;2;17;28;0;2
Steinstraße, Moers;2022-06-19 01:00:00 +0200;Sunday;44;23;clear-night;19;25;42;2;18;24;1;1
Steinstraße, Moers;2022-06-19 02:00:00 +0200;Sunday;18;22;clear-night;8;10;17;1;7;10;1;0
Steinstraße, Moers;2022-06-19 03:00:00 +0200;Sunday;6;21;clear-night;4;2;6;0;4;2;0;0
Steinstraße, Moers;2022-06-19 04:00:00 +0200;Sunday;1;19;clear-night;0;1;1;0;0;1;0;0
Steinstraße, Moers;2022-06-19 05:00:00 +0200;Sunday;6;18;clear-night;4;2;6;0;4;2;0;0
Steinstraße, Moers;2022-06-19 06:00:00 +0200;Sunday;10;16;clear-day;6;4;10;0;6;4;0;0
Steinstraße, Moers;2022-06-19 07:00:00 +0200;Sunday;24;16;clear-day;10;14;22;2;9;13;1;1
Steinstraße, Moers;2022-06-19 08:00:00 +0200;Sunday;33;17;clear-day;19;14;33;0;19;14;0;0
Steinstraße, Moers;2022-06-19 09:00:00 +0200;Sunday;73;18;partly-cloudy-day;46;27;69;4;42;27;4;0
Steinstraße, Moers;2022-06-19 10:00:00 +0200;Sunday;135;19;partly-cloudy-day;71;64;129;6;69;60;2;4
Steinstraße, Moers;2022-06-19 11:00:00 +0200;Sunday;119;20;partly-cloudy-day;66;53;114;5;64;50;2;3
Steinstraße, Moers;2022-06-19 12:00:00 +0200;Sunday;182;22;partly-cloudy-day;92;90;178;4;90;88;2;2
Steinstraße, Moers;2022-06-19 13:00:00 +0200;Sunday;287;23;partly-cloudy-day;171;116;267;20;156;111;15;5
Steinstraße, Moers;2022-06-19 14:00:00 +0200;Sunday;283;23;partly-cloudy-day;144;139;273;10;138;135;6;4
Steinstraße, Moers;2022-06-19 15:00:00 +0200;Sunday;438;23;partly-cloudy-day;261;177;415;23;246;169;15;8
Steinstraße, Moers;2022-06-19 16:00:00 +0200;Sunday;507;24;partly-cloudy-day;264;243;485;22;247;238;17;5
Steinstraße, Moers;2022-06-19 17:00:00 +0200;Sunday;459;23;partly-cloudy-day;207;252;439;20;200;239;7;13
Steinstraße, Moers;2022-06-19 18:00:00 +0200;Sunday;384;22;partly-cloudy-day;212;172;373;11;204;169;8;3
Steinstraße, Moers;2022-06-19 19:00:00 +0200;Sunday;236;22;partly-cloudy-day;100;136;231;5;96;135;4;1
Steinstraße, Moers;2022-06-19 20:00:00 +0200;Sunday;121;20;partly-cloudy-day;57;64;117;4;54;63;3;1
Steinstraße, Moers;2022-06-19 21:00:00 +0200;Sunday;66;19;partly-cloudy-day;24;42;66;0;24;42;0;0
Steinstraße, Moers;2022-06-19 22:00:00 +0200;Sunday;43;17;partly-cloudy-night;23;20;42;1;22;20;1;0
Steinstraße, Moers;2022-06-19 23:00:00 +0200;Sunday;7;17;partly-cloudy-night;6;1;7;0;6;1;0;0
Steinstraße, Moers;2022-06-20 00:00:00 +0200;Monday;6;16;partly-cloudy-night;5;1;6;0;5;1;0;0
Steinstraße, Moers;2022-06-20 01:00:00 +0200;Monday;4;15;partly-cloudy-night;2;2;4;0;2;2;0;0
Steinstraße, Moers;2022-06-20 02:00:00 +0200;Monday;3;15;partly-cloudy-night;1;2;3;0;1;2;0;0
Steinstraße, Moers;2022-06-20 03:00:00 +0200;Monday;3;14;cloudy;1;2;3;0;1;2;0;0
Steinstraße, Moers;2022-06-20 04:00:00 +0200;Monday;11;13;cloudy;3;8;11;0;3;8;0;0
Steinstraße, Moers;2022-06-20 05:00:00 +0200;Monday;15;13;cloudy;8;7;15;0;8;7;0;0
Steinstraße, Moers;2022-06-20 06:00:00 +0200;Monday;31;13;cloudy;20;11;30;1;19;11;1;0
Steinstraße, Moers;2022-06-20 07:00:00 +0200;Monday;125;13;cloudy;81;44;121;4;79;42;2;2
Steinstraße, Moers;2022-06-20 08:00:00 +0200;Monday;276;14;cloudy;153;123;266;10;149;117;4;6
Steinstraße, Moers;2022-06-20 09:00:00 +0200;Monday;679;14;cloudy;336;343;660;19;324;336;12;7
Steinstraße, Moers;2022-06-20 10:00:00 +0200;Monday;1212;15;cloudy;619;593;1158;54;590;568;29;25
Steinstraße, Moers;2022-06-20 11:00:00 +0200;Monday;1346;16;partly-cloudy-day;613;733;1299;47;592;707;21;26
Steinstraße, Moers;2022-06-20 12:00:00 +0200;Monday;1432;18;partly-cloudy-day;672;760;1395;37;653;742;19;18
Steinstraße, Moers;2022-06-20 13:00:00 +0200;Monday;1306;19;partly-cloudy-day;654;652;1247;59;616;631;38;21
Steinstraße, Moers;2022-06-20 14:00:00 +0200;Monday;1201;20;partly-cloudy-day;621;580;1156;45;593;563;28;17
Steinstraße, Moers;2022-06-20 15:00:00 +0200;Monday;1474;21;partly-cloudy-day;719;755;1412;62;688;724;31;31
Steinstraße, Moers;2022-06-20 16:00:00 +0200;Monday;1474;21;partly-cloudy-day;737;737;1408;66;702;706;35;31
Steinstraße, Moers;2022-06-20 17:00:00 +0200;Monday;1428;21;partly-cloudy-day;704;724;1362;66;668;694;36;30
Steinstraße, Moers;2022-06-20 18:00:00 +0200;Monday;1029;21;clear-day;564;465;986;43;537;449;27;16
Steinstraße, Moers;2022-06-20 19:00:00 +0200;Monday;359;21;clear-day;185;174;349;10;182;167;3;7
Steinstraße, Moers;2022-06-20 20:00:00 +0200;Monday;202;21;partly-cloudy-day;83;119;199;3;83;116;0;3
Steinstraße, Moers;2022-06-20 21:00:00 +0200;Monday;111;19;clear-day;46;65;106;5;45;61;1;4
Steinstraße, Moers;2022-06-20 22:00:00 +0200;Monday;73;17;clear-night;34;39;73;0;34;39;0;0
Steinstraße, Moers;2022-06-20 23:00:00 +0200;Monday;22;15;clear-night;13;9;21;1;12;9;1;0
Steinstraße, Moers;2022-06-21 00:00:00 +0200;Tuesday;19;14;clear-night;11;8;19;0;11;8;0;0
Steinstraße, Moers;2022-06-21 01:00:00 +0200;Tuesday;5;13;clear-night;3;2;5;0;3;2;0;0
Steinstraße, Moers;2022-06-21 02:00:00 +0200;Tuesday;1;12;clear-night;1;0;1;0;1;0;0;0
Steinstraße, Moers;2022-06-21 03:00:00 +0200;Tuesday;1;11;clear-night;0;1;1;0;0;1;0;0
Steinstraße, Moers;2022-06-21 04:00:00 +0200;Tuesday;6;11;clear-night;0;6;6;0;0;6;0;0
Steinstraße, Moers;2022-06-21 05:00:00 +0200;Tuesday;13;10;partly-cloudy-night;9;4;13;0;9;4;0;0
Steinstraße, Moers;2022-06-21 06:00:00 +0200;Tuesday;49;11;clear-day;29;20;48;1;28;20;1;0
Steinstraße, Moers;2022-06-21 07:00:00 +0200;Tuesday;176;12;clear-day;105;71;160;16;96;64;9;7
Steinstraße, Moers;2022-06-21 08:00:00 +0200;Tuesday;402;14;clear-day;244;158;384;18;228;156;16;2
Steinstraße, Moers;2022-06-21 09:00:00 +0200;Tuesday;1007;16;clear-day;538;469;954;53;504;450;34;19
Steinstraße, Moers;2022-06-21 10:00:00 +0200;Tuesday;1542;19;partly-cloudy-day;795;747;1451;91;741;710;54;37
Steinstraße, Moers;2022-06-21 11:00:00 +0200;Tuesday;1825;20;partly-cloudy-day;927;898;1759;66;897;862;30;36
Steinstraße, Moers;2022-06-21 12:00:00 +0200;Tuesday;1796;21;partly-cloudy-day;885;911;1729;67;852;877;33;34
Steinstraße, Moers;2022-06-21 13:00:00 +0200;Tuesday;1427;22;cloudy;695;732;1371;56;668;703;27;29
Steinstraße, Moers;2022-06-21 14:00:00 +0200;Tuesday;1291;23;partly-cloudy-day;581;710;1238;53;560;678;21;32
Steinstraße, Moers;2022-06-21 15:00:00 +0200;Tuesday;1477;24;partly-cloudy-day;724;753;1401;76;684;717;40;36
Steinstraße, Moers;2022-06-21 16:00:00 +0200;Tuesday;1541;24;partly-cloudy-day;759;782;1466;75;720;746;39;36
Steinstraße, Moers;2022-06-21 17:00:00 +0200;Tuesday;1401;25;partly-cloudy-day;724;677;1314;87;669;645;55;32
Steinstraße, Moers;2022-06-21 18:00:00 +0200;Tuesday;854;25;partly-cloudy-day;445;409;812;42;421;391;24;18
Steinstraße, Moers;2022-06-21 19:00:00 +0200;Tuesday;313;24;partly-cloudy-day;153;160;305;8;150;155;3;5
Steinstraße, Moers;2022-06-21 20:00:00 +0200;Tuesday;142;23;partly-cloudy-day;49;93;141;1;48;93;1;0
Steinstraße, Moers;2022-06-21 21:00:00 +0200;Tuesday;117;22;partly-cloudy-day;52;65;115;2;51;64;1;1
Steinstraße, Moers;2022-06-21 22:00:00 +0200;Tuesday;66;20;partly-cloudy-night;29;37;63;3;27;36;2;1
Steinstraße, Moers;2022-06-21 23:00:00 +0200;Tuesday;28;19;partly-cloudy-night;14;14;28;0;14;14;0;0
Steinstraße, Moers;2022-06-22 00:00:00 +0200;Wednesday;20;16;clear-night;15;5;20;0;15;5;0;0
Steinstraße, Moers;2022-06-22 01:00:00 +0200;Wednesday;6;15;clear-night;5;1;6;0;5;1;0;0
Steinstraße, Moers;2022-06-22 02:00:00 +0200;Wednesday;5;15;clear-night;1;4;5;0;1;4;0;0
Steinstraße, Moers;2022-06-22 03:00:00 +0200;Wednesday;0;14;clear-night;0;0;0;0;0;0;0;0
Steinstraße, Moers;2022-06-22 04:00:00 +0200;Wednesday;6;13;clear-night;3;3;6;0;3;3;0;0
Steinstraße, Moers;2022-06-22 05:00:00 +0200;Wednesday;13;13;clear-night;8;5;13;0;8;5;0;0
Steinstraße, Moers;2022-06-22 06:00:00 +0200;Wednesday;43;13;partly-cloudy-day;26;17;43;0;26;17;0;0
Steinstraße, Moers;2022-06-22 07:00:00 +0200;Wednesday;163;14;partly-cloudy-day;101;62;156;7;97;59;4;3
Steinstraße, Moers;2022-06-22 08:00:00 +0200;Wednesday;284;16;partly-cloudy-day;165;119;276;8;160;116;5;3
Steinstraße, Moers;2022-06-22 09:00:00 +0200;Wednesday;726;18;partly-cloudy-day;355;371;691;35;339;352;16;19
Steinstraße, Moers;2022-06-22 10:00:00 +0200;Wednesday;1097;20;cloudy;567;530;1046;51;542;504;25;26
Steinstraße, Moers;2022-06-22 11:00:00 +0200;Wednesday;1407;22;cloudy;689;718;1333;74;652;681;37;37
Steinstraße, Moers;2022-06-22 12:00:00 +0200;Wednesday;1444;23;cloudy;672;772;1388;56;644;744;28;28
Steinstraße, Moers;2022-06-22 13:00:00 +0200;Wednesday;1377;24;cloudy;708;669;1333;44;680;653;28;16
Steinstraße, Moers;2022-06-22 14:00:00 +0200;Wednesday;1195;26;partly-cloudy-day;609;586;1151;44;584;567;25;19
Steinstraße, Moers;2022-06-22 15:00:00 +0200;Wednesday;1129;27;clear-day;573;556;1074;55;543;531;30;25
Steinstraße, Moers;2022-06-22 16:00:00 +0200;Wednesday;1174;28;clear-day;586;588;1120;54;556;564;30;24
Steinstraße, Moers;2022-06-22 17:00:00 +0200;Wednesday;1039;27;clear-day;509;530;1001;38;493;508;16;22
Steinstraße, Moers;2022-06-22 18:00:00 +0200;Wednesday;898;27;clear-day;460;438;861;37;443;418;17;20
Steinstraße, Moers;2022-06-22 19:00:00 +0200;Wednesday;389;28;clear-day;204;185;375;14;194;181;10;4
Steinstraße, Moers;2022-06-22 20:00:00 +0200;Wednesday;212;26;clear-day;99;113;204;8;94;110;5;3
Steinstraße, Moers;2022-06-22 21:00:00 +0200;Wednesday;184;25;clear-day;75;109;177;7;72;105;3;4
Steinstraße, Moers;2022-06-22 22:00:00 +0200;Wednesday;123;22;clear-night;48;75;120;3;47;73;1;2
Steinstraße, Moers;2022-06-22 23:00:00 +0200;Wednesday;39;20;clear-night;21;18;36;3;19;17;2;1
Steinstraße, Moers;2022-06-23 00:00:00 +0200;Thursday;27;19;clear-night;13;14;27;0;13;14;0;0
Steinstraße, Moers;2022-06-23 01:00:00 +0200;Thursday;8;18;clear-night;5;3;8;0;5;3;0;0
Steinstraße, Moers;2022-06-23 02:00:00 +0200;Thursday;2;18;clear-night;0;2;2;0;0;2;0;0
Steinstraße, Moers;2022-06-23 03:00:00 +0200;Thursday;0;17;clear-night;0;0;0;0;0;0;0;0
Steinstraße, Moers;2022-06-23 04:00:00 +0200;Thursday;3;16;clear-night;0;3;3;0;0;3;0;0
Steinstraße, Moers;2022-06-23 05:00:00 +0200;Thursday;12;16;clear-night;9;3;12;0;9;3;0;0
Steinstraße, Moers;2022-06-23 06:00:00 +0200;Thursday;49;16;clear-day;27;22;48;1;27;21;0;1
Steinstraße, Moers;2022-06-23 07:00:00 +0200;Thursday;139;18;partly-cloudy-day;83;56;137;2;82;55;1;1
Steinstraße, Moers;2022-06-23 08:00:00 +0200;Thursday;328;21;clear-day;195;133;310;18;182;128;13;5
Steinstraße, Moers;2022-06-23 09:00:00 +0200;Thursday;779;23;clear-day;367;412;746;33;352;394;15;18
Steinstraße, Moers;2022-06-23 10:00:00 +0200;Thursday;1329;25;clear-day;655;674;1254;75;605;649;50;25
Steinstraße, Moers;2022-06-23 11:00:00 +0200;Thursday;1475;27;clear-day;770;705;1416;59;738;678;32;27
Steinstraße, Moers;2022-06-23 12:00:00 +0200;Thursday;1434;28;clear-day;683;751;1389;45;659;730;24;21
Steinstraße, Moers;2022-06-23 13:00:00 +0200;Thursday;1165;29;clear-day;571;594;1130;35;554;576;17;18
Steinstraße, Moers;2022-06-23 14:00:00 +0200;Thursday;1028;31;partly-cloudy-day;497;531;981;47;477;504;20;27
Steinstraße, Moers;2022-06-23 15:00:00 +0200;Thursday;864;31;partly-cloudy-day;431;433;840;24;416;424;15;9
Steinstraße, Moers;2022-06-23 16:00:00 +0200;Thursday;1020;32;partly-cloudy-day;524;496;975;45;503;472;21;24
Steinstraße, Moers;2022-06-23 17:00:00 +0200;Thursday;887;31;partly-cloudy-day;451;436;851;36;431;420;20;16
Steinstraße, Moers;2022-06-23 18:00:00 +0200;Thursday;656;31;partly-cloudy-day;336;320;627;29;321;306;15;14
Steinstraße, Moers;2022-06-23 19:00:00 +0200;Thursday;332;30;partly-cloudy-day;157;175;328;4;156;172;1;3
Steinstraße, Moers;2022-06-23 20:00:00 +0200;Thursday;164;28;partly-cloudy-day;71;93;160;4;68;92;3;1
Steinstraße, Moers;2022-06-23 21:00:00 +0200;Thursday;128;26;cloudy;56;72;122;6;53;69;3;3
Steinstraße, Moers;2022-06-23 22:00:00 +0200;Thursday;80;25;partly-cloudy-night;39;41;76;4;37;39;2;2
Steinstraße, Moers;2022-06-23 23:00:00 +0200;Thursday;46;23;partly-cloudy-night;18;28;45;1;18;27;0;1
Steinstraße, Moers;2022-06-24 00:00:00 +0200;Friday;23;22;partly-cloudy-night;11;12;22;1;10;12;1;0
Steinstraße, Moers;2022-06-24 01:00:00 +0200;Friday;4;21;partly-cloudy-night;2;2;4;0;2;2;0;0
Steinstraße, Moers;2022-06-24 02:00:00 +0200;Friday;2;20;rain;0;2;2;0;0;2;0;0
Steinstraße, Moers;2022-06-24 03:00:00 +0200;Friday;1;19;rain;1;0;1;0;1;0;0;0
Steinstraße, Moers;2022-06-24 04:00:00 +0200;Friday;7;19;cloudy;2;5;7;0;2;5;0;0
Steinstraße, Moers;2022-06-24 05:00:00 +0200;Friday;20;18;cloudy;16;4;20;0;16;4;0;0
Steinstraße, Moers;2022-06-24 06:00:00 +0200;Friday;35;18;cloudy;21;14;35;0;21;14;0;0
Steinstraße, Moers;2022-06-24 07:00:00 +0200;Friday;121;18;rain;55;66;120;1;55;65;0;1
Steinstraße, Moers;2022-06-24 08:00:00 +0200;Friday;265;18;rain;151;114;262;3;149;113;2;1
Steinstraße, Moers;2022-06-24 09:00:00 +0200;Friday;394;18;rain;197;197;381;13;189;192;8;5
Steinstraße, Moers;2022-06-24 10:00:00 +0200;Friday;1009;18;rain;526;483;963;46;501;462;25;21
Steinstraße, Moers;2022-06-24 11:00:00 +0200;Friday;1574;20;rain;783;791;1532;42;761;771;22;20
Steinstraße, Moers;2022-06-24 12:00:00 +0200;Friday;1498;20;rain;707;791;1449;49;680;769;27;22
Steinstraße, Moers;2022-06-24 13:00:00 +0200;Friday;1275;22;cloudy;631;644;1243;32;618;625;13;19
Steinstraße, Moers;2022-06-24 14:00:00 +0200;Friday;1243;24;cloudy;632;611;1199;44;610;589;22;22
Steinstraße, Moers;2022-06-24 15:00:00 +0200;Friday;1263;25;cloudy;618;645;1221;42;597;624;21;21
Steinstraße, Moers;2022-06-24 16:00:00 +0200;Friday;1293;25;cloudy;641;652;1247;46;614;633;27;19
Steinstraße, Moers;2022-06-24 17:00:00 +0200;Friday;1383;24;cloudy;760;623;1313;70;714;599;46;24
Steinstraße, Moers;2022-06-24 18:00:00 +0200;Friday;918;23;cloudy;487;431;883;35;465;418;22;13
Steinstraße, Moers;2022-06-24 19:00:00 +0200;Friday;332;22;rain;150;182;324;8;146;178;4;4
Steinstraße, Moers;2022-06-24 20:00:00 +0200;Friday;291;21;rain;126;165;279;12;125;154;1;11
Steinstraße, Moers;2022-06-24 21:00:00 +0200;Friday;158;20;rain;77;81;156;2;77;79;0;2
Steinstraße, Moers;2022-06-24 22:00:00 +0200;Friday;185;19;cloudy;82;103;183;2;82;101;0;2
Steinstraße, Moers;2022-06-24 23:00:00 +0200;Friday;85;18;partly-cloudy-night;32;53;85;0;32;53;0;0
Steinstraße, Moers;2022-06-25 00:00:00 +0200;Saturday;38;18;partly-cloudy-night;15;23;38;0;15;23;0;0
Steinstraße, Moers;2022-06-25 01:00:00 +0200;Saturday;28;18;partly-cloudy-night;17;11;28;0;17;11;0;0
Steinstraße, Moers;2022-06-25 02:00:00 +0200;Saturday;8;17;partly-cloudy-night;3;5;8;0;3;5;0;0
Steinstraße, Moers;2022-06-25 03:00:00 +0200;Saturday;9;16;clear-night;8;1;9;0;8;1;0;0
Steinstraße, Moers;2022-06-25 04:00:00 +0200;Saturday;5;16;clear-night;2;3;5;0;2;3;0;0
Steinstraße, Moers;2022-06-25 05:00:00 +0200;Saturday;9;16;clear-night;9;0;8;1;8;0;1;0
Steinstraße, Moers;2022-06-25 06:00:00 +0200;Saturday;18;16;clear-day;12;6;18;0;12;6;0;0
Steinstraße, Moers;2022-06-25 07:00:00 +0200;Saturday;45;17;clear-day;30;15;43;2;29;14;1;1
Steinstraße, Moers;2022-06-25 08:00:00 +0200;Saturday;93;18;clear-day;41;52;88;5;37;51;4;1
Steinstraße, Moers;2022-06-25 09:00:00 +0200;Saturday;376;20;partly-cloudy-day;204;172;360;16;198;162;6;10
Steinstraße, Moers;2022-06-25 10:00:00 +0200;Saturday;975;21;partly-cloudy-day;495;480;935;40;471;464;24;16
Steinstraße, Moers;2022-06-25 11:00:00 +0200;Saturday;1781;22;partly-cloudy-day;889;892;1693;88;847;846;42;46
Steinstraße, Moers;2022-06-25 12:00:00 +0200;Saturday;2064;23;partly-cloudy-day;1078;986;1963;101;1013;950;65;36
Steinstraße, Moers;2022-06-25 13:00:00 +0200;Saturday;2183;24;cloudy;1119;1064;2067;116;1054;1013;65;51
Steinstraße, Moers;2022-06-25 14:00:00 +0200;Saturday;1989;25;partly-cloudy-day;1023;966;1900;89;969;931;54;35
Steinstraße, Moers;2022-06-25 15:00:00 +0200;Saturday;1843;26;partly-cloudy-day;917;926;1773;70;883;890;34;36
Steinstraße, Moers;2022-06-25 16:00:00 +0200;Saturday;1624;26;partly-cloudy-day;827;797;1548;76;788;760;39;37
Steinstraße, Moers;2022-06-25 17:00:00 +0200;Saturday;1326;26;cloudy;655;671;1261;65;627;634;28;37
Steinstraße, Moers;2022-06-25 18:00:00 +0200;Saturday;664;25;cloudy;350;314;634;30;334;300;16;14
Steinstraße, Moers;2022-06-25 19:00:00 +0200;Saturday;283;25;cloudy;165;118;274;9;159;115;6;3
Steinstraße, Moers;2022-06-25 20:00:00 +0200;Saturday;236;25;cloudy;119;117;234;2;117;117;2;0
Steinstraße, Moers;2022-06-25 21:00:00 +0200;Saturday;235;24;cloudy;103;132;233;2;101;132;2;0
Steinstraße, Moers;2022-06-25 22:00:00 +0200;Saturday;187;22;cloudy;80;107;186;1;80;106;0;1
Steinstraße, Moers;2022-06-25 23:00:00 +0200;Saturday;82;21;cloudy;21;61;79;3;20;59;1;2
Steinstraße, Moers;2022-06-26 00:00:00 +0200;Sunday;57;20;cloudy;26;31;57;0;26;31;0;0
Steinstraße, Moers;2022-06-26 01:00:00 +0200;Sunday;27;19;cloudy;15;12;26;1;14;12;1;0
Steinstraße, Moers;2022-06-26 02:00:00 +0200;Sunday;6;18;partly-cloudy-night;5;1;6;0;5;1;0;0
Steinstraße, Moers;2022-06-26 03:00:00 +0200;Sunday;4;17;rain;4;0;4;0;4;0;0;0
Steinstraße, Moers;2022-06-26 04:00:00 +0200;Sunday;5;17;rain;3;2;5;0;3;2;0;0
Steinstraße, Moers;2022-06-26 05:00:00 +0200;Sunday;7;16;cloudy;5;2;7;0;5;2;0;0
Steinstraße, Moers;2022-06-26 06:00:00 +0200;Sunday;6;16;cloudy;5;1;6;0;5;1;0;0
Steinstraße, Moers;2022-06-26 07:00:00 +0200;Sunday;20;16;partly-cloudy-day;13;7;19;1;12;7;1;0
Steinstraße, Moers;2022-06-26 08:00:00 +0200;Sunday;30;17;partly-cloudy-day;23;7;30;0;23;7;0;0
Steinstraße, Moers;2022-06-26 09:00:00 +0200;Sunday;80;18;cloudy;47;33;78;2;46;32;1;1
Steinstraße, Moers;2022-06-26 10:00:00 +0200;Sunday;153;20;partly-cloudy-day;85;68;145;8;80;65;5;3
Steinstraße, Moers;2022-06-26 11:00:00 +0200;Sunday;229;21;cloudy;137;92;216;13;125;91;12;1
Steinstraße, Moers;2022-06-26 12:00:00 +0200;Sunday;280;22;cloudy;161;119;266;14;151;115;10;4
Steinstraße, Moers;2022-06-26 13:00:00 +0200;Sunday;330;23;partly-cloudy-day;156;174;318;12;151;167;5;7
Steinstraße, Moers;2022-06-26 14:00:00 +0200;Sunday;225;21;cloudy;114;111;221;4;112;109;2;2
Steinstraße, Moers;2022-06-26 15:00:00 +0200;Sunday;457;21;cloudy;256;201;434;23;244;190;12;11
Steinstraße, Moers;2022-06-26 16:00:00 +0200;Sunday;463;21;cloudy;229;234;445;18;218;227;11;7
Steinstraße, Moers;2022-06-26 17:00:00 +0200;Sunday;420;21;cloudy;213;207;386;34;192;194;21;13
Steinstraße, Moers;2022-06-26 18:00:00 +0200;Sunday;302;21;cloudy;129;173;285;17;123;162;6;11
Steinstraße, Moers;2022-06-26 19:00:00 +0200;Sunday;202;20;cloudy;95;107;193;9;91;102;4;5
Steinstraße, Moers;2022-06-26 20:00:00 +0200;Sunday;169;20;cloudy;91;78;162;7;87;75;4;3
Steinstraße, Moers;2022-06-26 21:00:00 +0200;Sunday;90;19;cloudy;25;65;89;1;25;64;0;1
Steinstraße, Moers;2022-06-26 22:00:00 +0200;Sunday;73;18;cloudy;35;38;72;1;35;37;0;1
Steinstraße, Moers;2022-06-26 23:00:00 +0200;Sunday;33;17;rain;20;13;32;1;20;12;0;1
Steinstraße, Moers;2022-06-27 00:00:00 +0200;Monday;10;17;rain;6;4;10;0;6;4;0;0
Steinstraße, Moers;2022-06-27 01:00:00 +0200;Monday;2;17;rain;1;1;2;0;1;1;0;0
Steinstraße, Moers;2022-06-27 02:00:00 +0200;Monday;3;17;rain;0;3;3;0;0;3;0;0
Steinstraße, Moers;2022-06-27 03:00:00 +0200;Monday;0;16;rain;0;0;0;0;0;0;0;0
Steinstraße, Moers;2022-06-27 04:00:00 +0200;Monday;8;16;rain;2;6;8;0;2;6;0;0
Steinstraße, Moers;2022-06-27 05:00:00 +0200;Monday;19;16;cloudy;9;10;19;0;9;10;0;0
Steinstraße, Moers;2022-06-27 06:00:00 +0200;Monday;51;16;cloudy;31;20;49;2;30;19;1;1
Steinstraße, Moers;2022-06-27 07:00:00 +0200;Monday;111;16;cloudy;75;36;108;3;73;35;2;1
Steinstraße, Moers;2022-06-27 08:00:00 +0200;Monday;243;17;cloudy;131;112;234;9;123;111;8;1
Steinstraße, Moers;2022-06-27 09:00:00 +0200;Monday;599;18;cloudy;298;301;573;26;287;286;11;15
Steinstraße, Moers;2022-06-27 10:00:00 +0200;Monday;1125;18;cloudy;540;585;1070;55;511;559;29;26
Steinstraße, Moers;2022-06-27 11:00:00 +0200;Monday;1502;18;rain;731;771;1421;81;698;723;33;48
Steinstraße, Moers;2022-06-27 12:00:00 +0200;Monday;1522;19;rain;755;767;1453;69;712;741;43;26
Steinstraße, Moers;2022-06-27 13:00:00 +0200;Monday;1332;20;rain;677;655;1300;32;658;642;19;13
Steinstraße, Moers;2022-06-27 14:00:00 +0200;Monday;1449;20;rain;705;744;1391;58;671;720;34;24
Steinstraße, Moers;2022-06-27 15:00:00 +0200;Monday;1507;19;rain;763;744;1437;70;729;708;34;36
Steinstraße, Moers;2022-06-27 16:00:00 +0200;Monday;1042;19;rain;512;530;997;45;490;507;22;23
Steinstraße, Moers;2022-06-27 17:00:00 +0200;Monday;815;18;rain;399;416;779;36;384;395;15;21
Steinstraße, Moers;2022-06-27 18:00:00 +0200;Monday;644;18;rain;354;290;620;24;338;282;16;8
Steinstraße, Moers;2022-06-27 19:00:00 +0200;Monday;291;18;rain;162;129;282;9;156;126;6;3
Steinstraße, Moers;2022-06-27 20:00:00 +0200;Monday;142;18;partly-cloudy-day;72;70;139;3;71;68;1;2
Steinstraße, Moers;2022-06-27 21:00:00 +0200;Monday;127;17;partly-cloudy-day;67;60;126;1;67;59;0;1
Steinstraße, Moers;2022-06-27 22:00:00 +0200;Monday;93;16;partly-cloudy-night;29;64;93;0;29;64;0;0
Steinstraße, Moers;2022-06-27 23:00:00 +0200;Monday;26;15;partly-cloudy-night;19;7;25;1;18;7;1;0
Steinstraße, Moers;2022-06-28 00:00:00 +0200;Tuesday;4;14;partly-cloudy-night;1;3;4;0;1;3;0;0
Steinstraße, Moers;2022-06-28 01:00:00 +0200;Tuesday;3;14;partly-cloudy-night;1;2;3;0;1;2;0;0
Steinstraße, Moers;2022-06-28 02:00:00 +0200;Tuesday;2;13;clear-night;2;0;2;0;2;0;0;0
Steinstraße, Moers;2022-06-28 03:00:00 +0200;Tuesday;4;12;clear-night;1;3;4;0;1;3;0;0
Steinstraße, Moers;2022-06-28 04:00:00 +0200;Tuesday;3;11;clear-night;1;2;3;0;1;2;0;0
Steinstraße, Moers;2022-06-28 05:00:00 +0200;Tuesday;13;11;clear-night;7;6;13;0;7;6;0;0
Steinstraße, Moers;2022-06-28 06:00:00 +0200;Tuesday;37;12;clear-day;22;15;35;2;21;14;1;1
Steinstraße, Moers;2022-06-28 07:00:00 +0200;Tuesday;115;12;clear-day;66;49;113;2;65;48;1;1
Steinstraße, Moers;2022-06-28 08:00:00 +0200;Tuesday;335;15;clear-day;180;155;319;16;168;151;12;4
Steinstraße, Moers;2022-06-28 09:00:00 +0200;Tuesday;809;16;clear-day;422;387;782;27;405;377;17;10
Steinstraße, Moers;2022-06-28 10:00:00 +0200;Tuesday;1519;18;clear-day;800;719;1437;82;753;684;47;35
Steinstraße, Moers;2022-06-28 11:00:00 +0200;Tuesday;2047;20;clear-day;1034;1013;1956;91;985;971;49;42
Steinstraße, Moers;2022-06-28 12:00:00 +0200;Tuesday;1921;21;clear-day;973;948;1830;91;923;907;50;41
Steinstraße, Moers;2022-06-28 13:00:00 +0200;Tuesday;1711;22;partly-cloudy-day;832;879;1624;87;787;837;45;42
Steinstraße, Moers;2022-06-28 14:00:00 +0200;Tuesday;1434;23;partly-cloudy-day;721;713;1376;58;694;682;27;31
Steinstraße, Moers;2022-06-28 15:00:00 +0200;Tuesday;1524;23;partly-cloudy-day;732;792;1443;81;697;746;35;46
Steinstraße, Moers;2022-06-28 16:00:00 +0200;Tuesday;1681;24;clear-day;815;866;1610;71;783;827;32;39
Steinstraße, Moers;2022-06-28 17:00:00 +0200;Tuesday;1466;25;partly-cloudy-day;740;726;1407;59;703;704;37;22
Steinstraße, Moers;2022-06-28 18:00:00 +0200;Tuesday;917;26;partly-cloudy-day;478;439;866;51;450;416;28;23
Steinstraße, Moers;2022-06-28 19:00:00 +0200;Tuesday;467;26;partly-cloudy-day;204;263;437;30;192;245;12;18
Steinstraße, Moers;2022-06-28 20:00:00 +0200;Tuesday;264;25;partly-cloudy-day;117;147;252;12;110;142;7;5
Steinstraße, Moers;2022-06-28 21:00:00 +0200;Tuesday;188;23;partly-cloudy-day;92;96;179;9;87;92;5;4
Steinstraße, Moers;2022-06-28 22:00:00 +0200;Tuesday;122;21;partly-cloudy-night;57;65;122;0;57;65;0;0
Steinstraße, Moers;2022-06-28 23:00:00 +0200;Tuesday;35;19;clear-night;14;21;32;3;12;20;2;1
Steinstraße, Moers;2022-06-29 00:00:00 +0200;Wednesday;22;18;partly-cloudy-night;13;9;22;0;13;9;0;0
Steinstraße, Moers;2022-06-29 01:00:00 +0200;Wednesday;11;17;clear-night;10;1;10;1;9;1;1;0
Steinstraße, Moers;2022-06-29 02:00:00 +0200;Wednesday;2;17;clear-night;1;1;2;0;1;1;0;0
Steinstraße, Moers;2022-06-29 03:00:00 +0200;Wednesday;9;15;clear-night;5;4;8;1;4;4;1;0
Steinstraße, Moers;2022-06-29 04:00:00 +0200;Wednesday;11;15;clear-night;4;7;11;0;4;7;0;0
Steinstraße, Moers;2022-06-29 05:00:00 +0200;Wednesday;15;15;clear-night;12;3;15;0;12;3;0;0
Steinstraße, Moers;2022-06-29 06:00:00 +0200;Wednesday;40;15;partly-cloudy-day;23;17;40;0;23;17;0;0
Steinstraße, Moers;2022-06-29 07:00:00 +0200;Wednesday;118;16;partly-cloudy-day;69;49;117;1;68;49;1;0
Steinstraße, Moers;2022-06-29 08:00:00 +0200;Wednesday;361;18;partly-cloudy-day;196;165;333;28;181;152;15;13
Steinstraße, Moers;2022-06-29 09:00:00 +0200;Wednesday;607;20;partly-cloudy-day;319;288;583;24;308;275;11;13
Steinstraße, Moers;2022-06-29 10:00:00 +0200;Wednesday;1063;22;partly-cloudy-day;512;551;1020;43;493;527;19;24
Steinstraße, Moers;2022-06-29 11:00:00 +0200;Wednesday;1395;23;partly-cloudy-day;695;700;1325;70;660;665;35;35
Steinstraße, Moers;2022-06-29 12:00:00 +0200;Wednesday;1574;23;partly-cloudy-day;793;781;1518;56;768;750;25;31
Steinstraße, Moers;2022-06-29 13:00:00 +0200;Wednesday;1272;24;partly-cloudy-day;661;611;1215;57;629;586;32;25
Steinstraße, Moers;2022-06-29 14:00:00 +0200;Wednesday;1172;25;partly-cloudy-day;575;597;1123;49;550;573;25;24
Steinstraße, Moers;2022-06-29 15:00:00 +0200;Wednesday;1288;25;partly-cloudy-day;678;610;1237;51;645;592;33;18
Steinstraße, Moers;2022-06-29 16:00:00 +0200;Wednesday;1269;26;partly-cloudy-day;620;649;1225;44;601;624;19;25
Steinstraße, Moers;2022-06-29 17:00:00 +0200;Wednesday;1142;27;partly-cloudy-day;595;547;1092;50;568;524;27;23
Steinstraße, Moers;2022-06-29 18:00:00 +0200;Wednesday;833;28;partly-cloudy-day;427;406;801;32;409;392;18;14
Steinstraße, Moers;2022-06-29 19:00:00 +0200;Wednesday;401;27;clear-day;183;218;384;17;177;207;6;11
Steinstraße, Moers;2022-06-29 20:00:00 +0200;Wednesday;209;27;clear-day;107;102;205;4;106;99;1;3
Steinstraße, Moers;2022-06-29 21:00:00 +0200;Wednesday;154;25;clear-day;63;91;148;6;60;88;3;3
Steinstraße, Moers;2022-06-29 22:00:00 +0200;Wednesday;133;23;clear-night;65;68;131;2;64;67;1;1
Steinstraße, Moers;2022-06-29 23:00:00 +0200;Wednesday;53;22;clear-night;14;39;53;0;14;39;0;0
Steinstraße, Moers;2022-06-30 00:00:00 +0200;Thursday;35;21;clear-night;18;17;33;2;16;17;2;0
Steinstraße, Moers;2022-06-30 01:00:00 +0200;Thursday;7;20;clear-night;6;1;6;1;5;1;1;0
Steinstraße, Moers;2022-06-30 02:00:00 +0200;Thursday;23;19;clear-night;12;11;22;1;11;11;1;0
Steinstraße, Moers;2022-06-30 03:00:00 +0200;Thursday;8;18;clear-night;5;3;8;0;5;3;0;0
Steinstraße, Moers;2022-06-30 04:00:00 +0200;Thursday;10;17;partly-cloudy-night;1;9;9;1;1;8;0;1
Steinstraße, Moers;2022-06-30 05:00:00 +0200;Thursday;14;18;clear-night;10;4;14;0;10;4;0;0
Steinstraße, Moers;2022-06-30 06:00:00 +0200;Thursday;58;17;clear-day;34;24;57;1;34;23;0;1
Steinstraße, Moers;2022-06-30 07:00:00 +0200;Thursday;95;19;clear-day;58;37;95;0;58;37;0;0
Steinstraße, Moers;2022-06-30 08:00:00 +0200;Thursday;292;20;clear-day;151;141;278;14;148;130;3;11
Steinstraße, Moers;2022-06-30 09:00:00 +0200;Thursday;608;22;clear-day;302;306;581;27;287;294;15;12
Steinstraße, Moers;2022-06-30 10:00:00 +0200;Thursday;1194;24;clear-day;619;575;1119;75;577;542;42;33
Steinstraße, Moers;2022-06-30 11:00:00 +0200;Thursday;1391;25;clear-day;691;700;1332;59;661;671;30;29
Steinstraße, Moers;2022-06-30 12:00:00 +0200;Thursday;1435;27;clear-day;718;717;1371;64;688;683;30;34
Steinstraße, Moers;2022-06-30 13:00:00 +0200;Thursday;1317;28;clear-day;671;646;1260;57;640;620;31;26
Steinstraße, Moers;2022-06-30 14:00:00 +0200;Thursday;1127;28;clear-day;572;555;1084;43;547;537;25;18
Steinstraße, Moers;2022-06-30 15:00:00 +0200;Thursday;1226;29;partly-cloudy-day;641;585;1177;49;614;563;27;22
Steinstraße, Moers;2022-06-30 16:00:00 +0200;Thursday;1177;30;partly-cloudy-day;569;608;1137;40;547;590;22;18
Steinstraße, Moers;2022-06-30 17:00:00 +0200;Thursday;1169;29;partly-cloudy-day;585;584;1133;36;563;570;22;14
Steinstraße, Moers;2022-06-30 18:00:00 +0200;Thursday;712;27;cloudy;358;354;682;30;344;338;14;16
Steinstraße, Moers;2022-06-30 19:00:00 +0200;Thursday;152;24;cloudy;74;78;152;0;74;78;0;0
Steinstraße, Moers;2022-06-30 20:00:00 +0200;Thursday;80;21;partly-cloudy-day;34;46;77;3;32;45;2;1
Steinstraße, Moers;2022-06-30 21:00:00 +0200;Thursday;42;18;rain;10;32;42;0;10;32;0;0
Steinstraße, Moers;2022-06-30 22:00:00 +0200;Thursday;44;17;rain;26;18;44;0;26;18;0;0
Steinstraße, Moers;2022-06-30 23:00:00 +0200;Thursday;14;16;rain;4;10;14;0;4;10;0;0
