Lage;Zeitpunkt der Messung;Wochentag;Fußgänger insgesamt;Temperatur in ºc;Wetterlage;Fußgänger insgesamt Richtung Neumarkt;Fußgänger insgesamt Richtung Neuer Wall;Erwachsene;Kinder;Erwachsene Richtung Neumarkt;Erwachsene Richtung Neuer Wall;Kinder Richtung Neumarkt;Kinder Richtung Neuer Wall
Steinstraße, Moers;2022-07-01 00:00:00 +0200;Friday;8;15;rain;;5;3;8;0;5;3;0
Steinstraße, Moers;2022-07-01 01:00:00 +0200;Friday;5;15;rain;;4;1;5;0;4;1;0
Steinstraße, Moers;2022-07-01 02:00:00 +0200;Friday;2;14;rain;;1;1;2;0;1;1;0
Steinstraße, Moers;2022-07-01 03:00:00 +0200;Friday;2;14;rain;;0;2;2;0;0;2;0
Steinstraße, Moers;2022-07-01 04:00:00 +0200;Friday;9;14;cloudy;;1;8;9;0;1;8;0
Steinstraße, Moers;2022-07-01 05:00:00 +0200;Friday;15;14;cloudy;;11;4;15;0;11;4;0
Steinstraße, Moers;2022-07-01 06:00:00 +0200;Friday;71;13;cloudy;;39;32;71;0;39;32;0
Steinstraße, Moers;2022-07-01 07:00:00 +0200;Friday;105;14;partly-cloudy-day;;52;53;103;2;52;51;0
Steinstraße, Moers;2022-07-01 08:00:00 +0200;Friday;351;15;cloudy;;186;165;336;15;179;157;7
Steinstraße, Moers;2022-07-01 09:00:00 +0200;Friday;843;15;cloudy;;446;397;810;33;424;386;22
Steinstraße, Moers;2022-07-01 10:00:00 +0200;Friday;1414;16;cloudy;;718;696;1371;43;694;677;24
Steinstraße, Moers;2022-07-01 11:00:00 +0200;Friday;1897;18;cloudy;;976;921;1824;73;930;894;46
Steinstraße, Moers;2022-07-01 12:00:00 +0200;Friday;1925;19;cloudy;;967;958;1854;71;930;924;37
Steinstraße, Moers;2022-07-01 13:00:00 +0200;Friday;1617;20;partly-cloudy-day;;778;839;1550;67;740;810;38
Steinstraße, Moers;2022-07-01 14:00:00 +0200;Friday;1526;22;partly-cloudy-day;;758;768;1462;64;729;733;29
Steinstraße, Moers;2022-07-01 15:00:00 +0200;Friday;1454;22;partly-cloudy-day;;713;741;1396;58;680;716;33
Steinstraße, Moers;2022-07-01 16:00:00 +0200;Friday;1507;22;partly-cloudy-day;;750;757;1442;65;714;728;36
Steinstraße, Moers;2022-07-01 17:00:00 +0200;Friday;1446;22;partly-cloudy-day;;730;716;1382;64;697;685;33
Steinstraße, Moers;2022-07-01 18:00:00 +0200;Friday;1105;23;partly-cloudy-day;;582;523;1064;41;561;503;21
Steinstraße, Moers;2022-07-01 19:00:00 +0200;Friday;429;22;partly-cloudy-day;;203;226;422;7;199;223;4
Steinstraße, Moers;2022-07-01 20:00:00 +0200;Friday;237;21;partly-cloudy-day;;121;116;232;5;120;112;1
Steinstraße, Moers;2022-07-01 21:00:00 +0200;Friday;203;20;partly-cloudy-day;;94;109;198;5;91;107;3
Steinstraße, Moers;2022-07-01 22:00:00 +0200;Friday;163;18;clear-night;;63;100;160;3;62;98;1
Steinstraße, Moers;2022-07-01 23:00:00 +0200;Friday;96;17;clear-night;;39;57;95;1;39;56;0
Steinstraße, Moers;2022-07-02 00:00:00 +0200;Saturday;28;16;clear-night;;15;13;28;0;15;13;0
Steinstraße, Moers;2022-07-02 01:00:00 +0200;Saturday;18;15;clear-night;;4;14;17;1;4;13;0
Steinstraße, Moers;2022-07-02 02:00:00 +0200;Saturday;13;14;clear-night;;2;11;13;0;2;11;0
Steinstraße, Moers;2022-07-02 03:00:00 +0200;Saturday;9;13;clear-night;;3;6;9;0;3;6;0
Steinstraße, Moers;2022-07-02 04:00:00 +0200;Saturday;7;12;clear-night;;2;5;7;0;2;5;0
Steinstraße, Moers;2022-07-02 05:00:00 +0200;Saturday;11;13;clear-night;;6;5;11;0;6;5;0
Steinstraße, Moers;2022-07-02 06:00:00 +0200;Saturday;16;12;clear-day;;12;4;16;0;12;4;0
Steinstraße, Moers;2022-07-02 07:00:00 +0200;Saturday;63;13;clear-day;;36;27;62;1;36;26;0
Steinstraße, Moers;2022-07-02 08:00:00 +0200;Saturday;100;16;clear-day;;51;49;98;2;50;48;1
Steinstraße, Moers;2022-07-02 09:00:00 +0200;Saturday;391;18;clear-day;;203;188;380;11;198;182;5
Steinstraße, Moers;2022-07-02 10:00:00 +0200;Saturday;1058;20;clear-day;;545;513;1025;33;527;498;18
Steinstraße, Moers;2022-07-02 11:00:00 +0200;Saturday;1771;22;clear-day;;909;862;1698;73;861;837;48
Steinstraße, Moers;2022-07-02 12:00:00 +0200;Saturday;2060;23;partly-cloudy-day;;1057;1003;1981;79;1014;967;43
Steinstraße, Moers;2022-07-02 13:00:00 +0200;Saturday;1907;23;partly-cloudy-day;;964;943;1841;66;924;917;40
Steinstraße, Moers;2022-07-02 14:00:00 +0200;Saturday;1871;24;partly-cloudy-day;;962;909;1800;71;918;882;44
Steinstraße, Moers;2022-07-02 15:00:00 +0200;Saturday;1784;25;partly-cloudy-day;;905;879;1721;63;870;851;35
Steinstraße, Moers;2022-07-02 16:00:00 +0200;Saturday;1574;26;partly-cloudy-day;;799;775;1493;81;754;739;45
Steinstraße, Moers;2022-07-02 17:00:00 +0200;Saturday;1208;26;partly-cloudy-day;;635;573;1159;49;605;554;30
Steinstraße, Moers;2022-07-02 18:00:00 +0200;Saturday;766;27;partly-cloudy-day;;399;367;732;34;375;357;24
Steinstraße, Moers;2022-07-02 19:00:00 +0200;Saturday;305;26;partly-cloudy-day;;145;160;295;10;142;153;3
Steinstraße, Moers;2022-07-02 20:00:00 +0200;Saturday;285;26;partly-cloudy-day;;153;132;276;9;149;127;4
Steinstraße, Moers;2022-07-02 21:00:00 +0200;Saturday;276;24;partly-cloudy-day;;144;132;269;7;138;131;6
Steinstraße, Moers;2022-07-02 22:00:00 +0200;Saturday;219;22;partly-cloudy-night;;87;132;210;9;83;127;4
Steinstraße, Moers;2022-07-02 23:00:00 +0200;Saturday;130;21;partly-cloudy-night;;58;72;125;5;57;68;1
Steinstraße, Moers;2022-07-03 00:00:00 +0200;Sunday;58;19;partly-cloudy-night;;27;31;54;4;25;29;2
Steinstraße, Moers;2022-07-03 01:00:00 +0200;Sunday;38;18;partly-cloudy-night;;18;20;37;1;18;19;0
Steinstraße, Moers;2022-07-03 02:00:00 +0200;Sunday;27;18;partly-cloudy-night;;11;16;27;0;11;16;0
Steinstraße, Moers;2022-07-03 03:00:00 +0200;Sunday;3;17;partly-cloudy-night;;1;2;3;0;1;2;0
Steinstraße, Moers;2022-07-03 04:00:00 +0200;Sunday;3;16;partly-cloudy-night;;2;1;3;0;2;1;0
Steinstraße, Moers;2022-07-03 05:00:00 +0200;Sunday;6;16;partly-cloudy-night;;3;3;6;0;3;3;0
Steinstraße, Moers;2022-07-03 06:00:00 +0200;Sunday;8;15;partly-cloudy-day;;7;1;8;0;7;1;0
Steinstraße, Moers;2022-07-03 07:00:00 +0200;Sunday;25;16;partly-cloudy-day;;8;17;25;0;8;17;0
Steinstraße, Moers;2022-07-03 08:00:00 +0200;Sunday;44;18;partly-cloudy-day;;31;13;42;2;30;12;1
Steinstraße, Moers;2022-07-03 09:00:00 +0200;Sunday;97;20;partly-cloudy-day;;76;21;90;7;71;19;5
Steinstraße, Moers;2022-07-03 10:00:00 +0200;Sunday;219;22;partly-cloudy-day;;142;77;211;8;134;77;8
Steinstraße, Moers;2022-07-03 11:00:00 +0200;Sunday;237;23;partly-cloudy-day;;146;91;224;13;140;84;6
Steinstraße, Moers;2022-07-03 12:00:00 +0200;Sunday;318;24;partly-cloudy-day;;165;153;310;8;160;150;5
Steinstraße, Moers;2022-07-03 13:00:00 +0200;Sunday;320;25;partly-cloudy-day;;160;160;307;13;154;153;6
Steinstraße, Moers;2022-07-03 14:00:00 +0200;Sunday;357;26;partly-cloudy-day;;179;178;341;16;171;170;8
Steinstraße, Moers;2022-07-03 15:00:00 +0200;Sunday;468;26;partly-cloudy-day;;253;215;445;23;241;204;12
Steinstraße, Moers;2022-07-03 16:00:00 +0200;Sunday;424;27;partly-cloudy-day;;202;222;411;13;195;216;7
Steinstraße, Moers;2022-07-03 17:00:00 +0200;Sunday;335;24;partly-cloudy-day;;153;182;327;8;149;178;4
Steinstraße, Moers;2022-07-03 18:00:00 +0200;Sunday;311;24;partly-cloudy-day;;157;154;304;7;153;151;4
Steinstraße, Moers;2022-07-03 19:00:00 +0200;Sunday;217;24;partly-cloudy-day;;98;119;206;11;95;111;3
Steinstraße, Moers;2022-07-03 20:00:00 +0200;Sunday;176;23;clear-day;;65;111;172;4;62;110;3
Steinstraße, Moers;2022-07-03 21:00:00 +0200;Sunday;116;22;clear-day;;55;61;115;1;55;60;0
Steinstraße, Moers;2022-07-03 22:00:00 +0200;Sunday;71;20;clear-night;;33;38;71;0;33;38;0
Steinstraße, Moers;2022-07-03 23:00:00 +0200;Sunday;29;18;clear-night;;12;17;27;2;11;16;1
Steinstraße, Moers;2022-07-04 00:00:00 +0200;Monday;19;16;clear-night;;9;10;17;2;9;8;0
Steinstraße, Moers;2022-07-04 01:00:00 +0200;Monday;6;15;clear-night;;4;2;5;1;3;2;1
Steinstraße, Moers;2022-07-04 02:00:00 +0200;Monday;2;14;clear-night;;2;0;2;0;2;0;0
Steinstraße, Moers;2022-07-04 03:00:00 +0200;Monday;0;13;clear-night;;0;0;0;0;0;0;0
Steinstraße, Moers;2022-07-04 04:00:00 +0200;Monday;9;12;clear-night;;3;6;9;0;3;6;0
Steinstraße, Moers;2022-07-04 05:00:00 +0200;Monday;11;12;clear-night;;6;5;11;0;6;5;0
Steinstraße, Moers;2022-07-04 06:00:00 +0200;Monday;42;11;clear-day;;26;16;42;0;26;16;0
Steinstraße, Moers;2022-07-04 07:00:00 +0200;Monday;103;13;clear-day;;59;44;102;1;59;43;0
Steinstraße, Moers;2022-07-04 08:00:00 +0200;Monday;250;15;clear-day;;132;118;241;9;127;114;5
Steinstraße, Moers;2022-07-04 09:00:00 +0200;Monday;662;17;clear-day;;342;320;642;20;332;310;10
Steinstraße, Moers;2022-07-04 10:00:00 +0200;Monday;1251;20;clear-day;;625;626;1194;57;597;597;28
Steinstraße, Moers;2022-07-04 11:00:00 +0200;Monday;1545;21;partly-cloudy-day;;808;737;1465;80;756;709;52
Steinstraße, Moers;2022-07-04 12:00:00 +0200;Monday;1540;22;partly-cloudy-day;;770;770;1475;65;740;735;30
Steinstraße, Moers;2022-07-04 13:00:00 +0200;Monday;1527;23;partly-cloudy-day;;741;786;1486;41;720;766;21
Steinstraße, Moers;2022-07-04 14:00:00 +0200;Monday;1147;24;partly-cloudy-day;;601;546;1103;44;574;529;27
Steinstraße, Moers;2022-07-04 15:00:00 +0200;Monday;1419;25;partly-cloudy-day;;732;687;1348;71;693;655;39
Steinstraße, Moers;2022-07-04 16:00:00 +0200;Monday;1429;26;partly-cloudy-day;;715;714;1355;74;676;679;39
Steinstraße, Moers;2022-07-04 17:00:00 +0200;Monday;1286;24;partly-cloudy-day;;692;594;1228;58;656;572;36
Steinstraße, Moers;2022-07-04 18:00:00 +0200;Monday;959;25;partly-cloudy-day;;490;469;916;43;466;450;24
Steinstraße, Moers;2022-07-04 19:00:00 +0200;Monday;414;25;partly-cloudy-day;;207;207;406;8;201;205;6
Steinstraße, Moers;2022-07-04 20:00:00 +0200;Monday;186;24;partly-cloudy-day;;87;99;181;5;82;99;5
Steinstraße, Moers;2022-07-04 21:00:00 +0200;Monday;136;22;partly-cloudy-day;;48;88;136;0;48;88;0
Steinstraße, Moers;2022-07-04 22:00:00 +0200;Monday;87;21;partly-cloudy-night;;36;51;85;2;35;50;1
Steinstraße, Moers;2022-07-04 23:00:00 +0200;Monday;22;19;partly-cloudy-night;;11;11;22;0;11;11;0
Steinstraße, Moers;2022-07-05 00:00:00 +0200;Tuesday;16;17;clear-night;;11;5;15;1;10;5;1
Steinstraße, Moers;2022-07-05 01:00:00 +0200;Tuesday;1;17;partly-cloudy-night;;1;0;1;0;1;0;0
Steinstraße, Moers;2022-07-05 02:00:00 +0200;Tuesday;0;16;partly-cloudy-night;;0;0;0;0;0;0;0
Steinstraße, Moers;2022-07-05 03:00:00 +0200;Tuesday;7;15;partly-cloudy-night;;4;3;7;0;4;3;0
Steinstraße, Moers;2022-07-05 04:00:00 +0200;Tuesday;8;14;partly-cloudy-night;;2;6;8;0;2;6;0
Steinstraße, Moers;2022-07-05 05:00:00 +0200;Tuesday;8;14;partly-cloudy-night;;6;2;8;0;6;2;0
Steinstraße, Moers;2022-07-05 06:00:00 +0200;Tuesday;51;14;partly-cloudy-day;;36;15;50;1;36;14;0
Steinstraße, Moers;2022-07-05 07:00:00 +0200;Tuesday;167;15;partly-cloudy-day;;105;62;163;4;103;60;2
Steinstraße, Moers;2022-07-05 08:00:00 +0200;Tuesday;299;17;partly-cloudy-day;;161;138;279;20;151;128;10
Steinstraße, Moers;2022-07-05 09:00:00 +0200;Tuesday;808;19;partly-cloudy-day;;418;390;776;32;400;376;18
Steinstraße, Moers;2022-07-05 10:00:00 +0200;Tuesday;1482;20;partly-cloudy-day;;798;684;1419;63;757;662;41
Steinstraße, Moers;2022-07-05 11:00:00 +0200;Tuesday;1929;21;partly-cloudy-day;;962;967;1820;109;905;915;57
Steinstraße, Moers;2022-07-05 12:00:00 +0200;Tuesday;1750;23;partly-cloudy-day;;885;865;1669;81;843;826;42
Steinstraße, Moers;2022-07-05 13:00:00 +0200;Tuesday;1603;24;partly-cloudy-day;;794;809;1539;64;763;776;31
Steinstraße, Moers;2022-07-05 14:00:00 +0200;Tuesday;1310;24;partly-cloudy-day;;622;688;1252;58;597;655;25
Steinstraße, Moers;2022-07-05 15:00:00 +0200;Tuesday;1368;24;cloudy;;713;655;1307;61;678;629;35
Steinstraße, Moers;2022-07-05 16:00:00 +0200;Tuesday;1506;22;cloudy;;735;771;1427;79;697;730;38
Steinstraße, Moers;2022-07-05 17:00:00 +0200;Tuesday;1404;23;partly-cloudy-day;;714;690;1361;43;692;669;22
Steinstraße, Moers;2022-07-05 18:00:00 +0200;Tuesday;830;22;cloudy;;450;380;799;31;428;371;22
Steinstraße, Moers;2022-07-05 19:00:00 +0200;Tuesday;321;22;partly-cloudy-day;;149;172;314;7;148;166;1
Steinstraße, Moers;2022-07-05 20:00:00 +0200;Tuesday;154;21;partly-cloudy-day;;85;69;151;3;84;67;1
Steinstraße, Moers;2022-07-05 21:00:00 +0200;Tuesday;106;20;partly-cloudy-day;;49;57;102;4;48;54;1
Steinstraße, Moers;2022-07-05 22:00:00 +0200;Tuesday;95;18;partly-cloudy-night;;39;56;92;3;38;54;1
Steinstraße, Moers;2022-07-05 23:00:00 +0200;Tuesday;28;16;partly-cloudy-night;;12;16;28;0;12;16;0
Steinstraße, Moers;2022-07-06 00:00:00 +0200;Wednesday;15;15;partly-cloudy-night;;10;5;14;1;9;5;1
Steinstraße, Moers;2022-07-06 01:00:00 +0200;Wednesday;12;14;partly-cloudy-night;;1;11;12;0;1;11;0
Steinstraße, Moers;2022-07-06 02:00:00 +0200;Wednesday;2;13;partly-cloudy-night;;1;1;2;0;1;1;0
Steinstraße, Moers;2022-07-06 03:00:00 +0200;Wednesday;2;12;clear-night;;1;1;2;0;1;1;0
Steinstraße, Moers;2022-07-06 04:00:00 +0200;Wednesday;11;11;partly-cloudy-night;;3;8;11;0;3;8;0
Steinstraße, Moers;2022-07-06 05:00:00 +0200;Wednesday;15;10;partly-cloudy-night;;10;5;14;1;10;4;0
Steinstraße, Moers;2022-07-06 06:00:00 +0200;Wednesday;40;10;partly-cloudy-day;;25;15;39;1;24;15;1
Steinstraße, Moers;2022-07-06 07:00:00 +0200;Wednesday;128;11;partly-cloudy-day;;76;52;128;0;76;52;0
Steinstraße, Moers;2022-07-06 08:00:00 +0200;Wednesday;196;14;partly-cloudy-day;;104;92;193;3;102;91;2
Steinstraße, Moers;2022-07-06 09:00:00 +0200;Wednesday;531;15;cloudy;;259;272;517;14;250;267;9
Steinstraße, Moers;2022-07-06 10:00:00 +0200;Wednesday;1057;17;cloudy;;523;534;1016;41;501;515;22
Steinstraße, Moers;2022-07-06 11:00:00 +0200;Wednesday;1307;18;cloudy;;670;637;1265;42;652;613;18
Steinstraße, Moers;2022-07-06 12:00:00 +0200;Wednesday;1500;19;cloudy;;759;741;1443;57;730;713;29
Steinstraße, Moers;2022-07-06 13:00:00 +0200;Wednesday;1371;19;cloudy;;708;663;1317;54;674;643;34
Steinstraße, Moers;2022-07-06 14:00:00 +0200;Wednesday;1451;20;partly-cloudy-day;;726;725;1388;63;699;689;27
Steinstraße, Moers;2022-07-06 15:00:00 +0200;Wednesday;1435;21;cloudy;;754;681;1366;69;715;651;39
Steinstraße, Moers;2022-07-06 16:00:00 +0200;Wednesday;1494;22;cloudy;;743;751;1429;65;706;723;37
Steinstraße, Moers;2022-07-06 17:00:00 +0200;Wednesday;1353;22;partly-cloudy-day;;684;669;1302;51;657;645;27
Steinstraße, Moers;2022-07-06 18:00:00 +0200;Wednesday;965;23;partly-cloudy-day;;489;476;922;43;462;460;27
Steinstraße, Moers;2022-07-06 19:00:00 +0200;Wednesday;371;23;cloudy;;177;194;355;16;165;190;12
Steinstraße, Moers;2022-07-06 20:00:00 +0200;Wednesday;198;22;cloudy;;96;102;188;10;93;95;3
Steinstraße, Moers;2022-07-06 21:00:00 +0200;Wednesday;120;21;cloudy;;57;63;117;3;55;62;2
Steinstraße, Moers;2022-07-06 22:00:00 +0200;Wednesday;126;20;cloudy;;59;67;124;2;58;66;1
Steinstraße, Moers;2022-07-06 23:00:00 +0200;Wednesday;46;19;partly-cloudy-night;;16;30;45;1;16;29;0
Steinstraße, Moers;2022-07-07 00:00:00 +0200;Thursday;16;18;partly-cloudy-night;;10;6;14;2;8;6;2
Steinstraße, Moers;2022-07-07 01:00:00 +0200;Thursday;17;18;partly-cloudy-night;;10;7;17;0;10;7;0
Steinstraße, Moers;2022-07-07 02:00:00 +0200;Thursday;7;18;cloudy;;7;0;7;0;7;0;0
Steinstraße, Moers;2022-07-07 03:00:00 +0200;Thursday;4;17;cloudy;;1;3;3;1;1;2;0
Steinstraße, Moers;2022-07-07 04:00:00 +0200;Thursday;10;17;cloudy;;3;7;10;0;3;7;0
Steinstraße, Moers;2022-07-07 05:00:00 +0200;Thursday;9;17;cloudy;;6;3;9;0;6;3;0
Steinstraße, Moers;2022-07-07 06:00:00 +0200;Thursday;37;17;rain;;20;17;37;0;20;17;0
Steinstraße, Moers;2022-07-07 07:00:00 +0200;Thursday;74;16;rain;;47;27;73;1;47;26;0
Steinstraße, Moers;2022-07-07 08:00:00 +0200;Thursday;212;16;rain;;120;92;204;8;116;88;4
Steinstraße, Moers;2022-07-07 09:00:00 +0200;Thursday;495;16;rain;;255;240;479;16;247;232;8
Steinstraße, Moers;2022-07-07 10:00:00 +0200;Thursday;943;17;cloudy;;464;479;906;37;448;458;16
Steinstraße, Moers;2022-07-07 11:00:00 +0200;Thursday;1106;18;cloudy;;581;525;1067;39;557;510;24
Steinstraße, Moers;2022-07-07 12:00:00 +0200;Thursday;1227;18;cloudy;;618;609;1179;48;586;593;32
Steinstraße, Moers;2022-07-07 13:00:00 +0200;Thursday;1259;19;cloudy;;628;631;1207;52;595;612;33
Steinstraße, Moers;2022-07-07 14:00:00 +0200;Thursday;1131;20;cloudy;;570;561;1104;27;557;547;13
Steinstraße, Moers;2022-07-07 15:00:00 +0200;Thursday;1195;20;cloudy;;570;625;1147;48;545;602;25
Steinstraße, Moers;2022-07-07 16:00:00 +0200;Thursday;1406;21;partly-cloudy-day;;690;716;1342;64;652;690;38
Steinstraße, Moers;2022-07-07 17:00:00 +0200;Thursday;1210;20;partly-cloudy-day;;613;597;1154;56;585;569;28
Steinstraße, Moers;2022-07-07 18:00:00 +0200;Thursday;847;21;partly-cloudy-day;;436;411;813;34;419;394;17
Steinstraße, Moers;2022-07-07 19:00:00 +0200;Thursday;339;20;partly-cloudy-day;;167;172;328;11;163;165;4
Steinstraße, Moers;2022-07-07 20:00:00 +0200;Thursday;178;20;partly-cloudy-day;;76;102;172;6;75;97;1
Steinstraße, Moers;2022-07-07 21:00:00 +0200;Thursday;130;18;partly-cloudy-day;;56;74;128;2;54;74;2
Steinstraße, Moers;2022-07-07 22:00:00 +0200;Thursday;91;16;partly-cloudy-night;;30;61;91;0;30;61;0
Steinstraße, Moers;2022-07-07 23:00:00 +0200;Thursday;55;16;partly-cloudy-night;;26;29;54;1;26;28;0
Steinstraße, Moers;2022-07-08 00:00:00 +0200;Friday;10;15;partly-cloudy-night;;8;2;10;0;8;2;0
Steinstraße, Moers;2022-07-08 01:00:00 +0200;Friday;10;14;partly-cloudy-night;;4;6;10;0;4;6;0
Steinstraße, Moers;2022-07-08 02:00:00 +0200;Friday;5;14;partly-cloudy-night;;4;1;5;0;4;1;0
Steinstraße, Moers;2022-07-08 03:00:00 +0200;Friday;4;13;partly-cloudy-night;;0;4;4;0;0;4;0
Steinstraße, Moers;2022-07-08 04:00:00 +0200;Friday;7;13;partly-cloudy-night;;1;6;7;0;1;6;0
Steinstraße, Moers;2022-07-08 05:00:00 +0200;Friday;15;12;partly-cloudy-night;;11;4;15;0;11;4;0
Steinstraße, Moers;2022-07-08 06:00:00 +0200;Friday;45;12;partly-cloudy-day;;31;14;43;2;30;13;1
Steinstraße, Moers;2022-07-08 07:00:00 +0200;Friday;124;13;partly-cloudy-day;;71;53;123;1;70;53;1
Steinstraße, Moers;2022-07-08 08:00:00 +0200;Friday;358;15;partly-cloudy-day;;184;174;346;12;178;168;6
Steinstraße, Moers;2022-07-08 09:00:00 +0200;Friday;833;16;partly-cloudy-day;;430;403;801;32;416;385;14
Steinstraße, Moers;2022-07-08 10:00:00 +0200;Friday;1484;18;partly-cloudy-day;;790;694;1418;66;750;668;40
Steinstraße, Moers;2022-07-08 11:00:00 +0200;Friday;2010;19;partly-cloudy-day;;1031;979;1907;103;975;932;56
Steinstraße, Moers;2022-07-08 12:00:00 +0200;Friday;1916;20;partly-cloudy-day;;940;976;1839;77;905;934;35
Steinstraße, Moers;2022-07-08 13:00:00 +0200;Friday;1618;21;partly-cloudy-day;;783;835;1566;52;754;812;29
Steinstraße, Moers;2022-07-08 14:00:00 +0200;Friday;1362;22;partly-cloudy-day;;688;674;1304;58;658;646;30
Steinstraße, Moers;2022-07-08 15:00:00 +0200;Friday;1498;23;partly-cloudy-day;;760;738;1426;72;724;702;36
Steinstraße, Moers;2022-07-08 16:00:00 +0200;Friday;1746;24;partly-cloudy-day;;905;841;1658;88;857;801;48
Steinstraße, Moers;2022-07-08 17:00:00 +0200;Friday;1561;24;partly-cloudy-day;;832;729;1480;81;786;694;46
Steinstraße, Moers;2022-07-08 18:00:00 +0200;Friday;1363;24;partly-cloudy-day;;786;577;1297;66;749;548;37
Steinstraße, Moers;2022-07-08 19:00:00 +0200;Friday;565;24;partly-cloudy-day;;316;249;539;26;301;238;15
Steinstraße, Moers;2022-07-08 20:00:00 +0200;Friday;430;24;partly-cloudy-day;;226;204;420;10;223;197;3
Steinstraße, Moers;2022-07-08 21:00:00 +0200;Friday;371;23;partly-cloudy-day;;179;192;364;7;176;188;3
Steinstraße, Moers;2022-07-08 22:00:00 +0200;Friday;316;21;partly-cloudy-night;;105;211;312;4;105;207;0
Steinstraße, Moers;2022-07-08 23:00:00 +0200;Friday;202;20;cloudy;;52;150;200;2;52;148;0
Steinstraße, Moers;2022-07-09 00:00:00 +0200;Saturday;84;18;partly-cloudy-night;;24;60;83;1;23;60;1
Steinstraße, Moers;2022-07-09 01:00:00 +0200;Saturday;45;17;partly-cloudy-night;;16;29;45;0;16;29;0
Steinstraße, Moers;2022-07-09 02:00:00 +0200;Saturday;15;16;partly-cloudy-night;;7;8;15;0;7;8;0
Steinstraße, Moers;2022-07-09 03:00:00 +0200;Saturday;4;16;cloudy;;1;3;4;0;1;3;0
Steinstraße, Moers;2022-07-09 04:00:00 +0200;Saturday;14;15;partly-cloudy-night;;6;8;14;0;6;8;0
Steinstraße, Moers;2022-07-09 05:00:00 +0200;Saturday;6;14;partly-cloudy-night;;5;1;6;0;5;1;0
Steinstraße, Moers;2022-07-09 06:00:00 +0200;Saturday;17;14;partly-cloudy-day;;13;4;17;0;13;4;0
Steinstraße, Moers;2022-07-09 07:00:00 +0200;Saturday;48;14;partly-cloudy-day;;20;28;48;0;20;28;0
Steinstraße, Moers;2022-07-09 08:00:00 +0200;Saturday;120;16;partly-cloudy-day;;71;49;113;7;65;48;6
Steinstraße, Moers;2022-07-09 09:00:00 +0200;Saturday;362;17;partly-cloudy-day;;189;173;338;24;179;159;10
Steinstraße, Moers;2022-07-09 10:00:00 +0200;Saturday;914;19;partly-cloudy-day;;477;437;875;39;453;422;24
Steinstraße, Moers;2022-07-09 11:00:00 +0200;Saturday;1540;20;partly-cloudy-day;;818;722;1480;60;782;698;36
Steinstraße, Moers;2022-07-09 12:00:00 +0200;Saturday;1922;21;partly-cloudy-day;;998;924;1852;70;959;893;39
Steinstraße, Moers;2022-07-09 13:00:00 +0200;Saturday;1898;22;partly-cloudy-day;;944;954;1838;60;909;929;35
Steinstraße, Moers;2022-07-09 14:00:00 +0200;Saturday;1877;24;cloudy;;972;905;1789;88;921;868;51
Steinstraße, Moers;2022-07-09 15:00:00 +0200;Saturday;1831;24;cloudy;;993;838;1752;79;943;809;50
Steinstraße, Moers;2022-07-09 16:00:00 +0200;Saturday;1767;24;cloudy;;943;824;1689;78;896;793;47
Steinstraße, Moers;2022-07-09 17:00:00 +0200;Saturday;1434;24;cloudy;;809;625;1360;74;764;596;45
Steinstraße, Moers;2022-07-09 18:00:00 +0200;Saturday;1105;24;cloudy;;682;423;1057;48;651;406;31
Steinstraße, Moers;2022-07-09 19:00:00 +0200;Saturday;727;23;partly-cloudy-day;;376;351;706;21;363;343;13
Steinstraße, Moers;2022-07-09 20:00:00 +0200;Saturday;613;21;cloudy;;289;324;601;12;287;314;2
Steinstraße, Moers;2022-07-09 21:00:00 +0200;Saturday;368;20;partly-cloudy-day;;166;202;362;6;163;199;3
Steinstraße, Moers;2022-07-09 22:00:00 +0200;Saturday;378;18;partly-cloudy-night;;131;247;368;10;129;239;2
Steinstraße, Moers;2022-07-09 23:00:00 +0200;Saturday;239;16;partly-cloudy-night;;52;187;235;4;50;185;2
Steinstraße, Moers;2022-07-10 00:00:00 +0200;Sunday;115;15;partly-cloudy-night;;23;92;112;3;22;90;1
Steinstraße, Moers;2022-07-10 01:00:00 +0200;Sunday;46;14;partly-cloudy-night;;22;24;46;0;22;24;0
Steinstraße, Moers;2022-07-10 02:00:00 +0200;Sunday;11;13;partly-cloudy-night;;4;7;10;1;4;6;0
Steinstraße, Moers;2022-07-10 03:00:00 +0200;Sunday;2;13;partly-cloudy-night;;2;0;2;0;2;0;0
Steinstraße, Moers;2022-07-10 04:00:00 +0200;Sunday;4;13;partly-cloudy-night;;2;2;4;0;2;2;0
Steinstraße, Moers;2022-07-10 05:00:00 +0200;Sunday;6;12;partly-cloudy-night;;2;4;6;0;2;4;0
Steinstraße, Moers;2022-07-10 06:00:00 +0200;Sunday;7;11;partly-cloudy-day;;5;2;7;0;5;2;0
Steinstraße, Moers;2022-07-10 07:00:00 +0200;Sunday;28;12;partly-cloudy-day;;15;13;28;0;15;13;0
Steinstraße, Moers;2022-07-10 08:00:00 +0200;Sunday;27;13;partly-cloudy-day;;20;7;24;3;19;5;1
Steinstraße, Moers;2022-07-10 09:00:00 +0200;Sunday;51;15;partly-cloudy-day;;38;13;48;3;36;12;2
Steinstraße, Moers;2022-07-10 10:00:00 +0200;Sunday;138;17;partly-cloudy-day;;76;62;133;5;74;59;2
Steinstraße, Moers;2022-07-10 11:00:00 +0200;Sunday;146;17;cloudy;;79;67;143;3;77;66;2
Steinstraße, Moers;2022-07-10 12:00:00 +0200;Sunday;304;17;cloudy;;169;135;284;20;153;131;16
Steinstraße, Moers;2022-07-10 13:00:00 +0200;Sunday;353;18;cloudy;;225;128;335;18;211;124;14
Steinstraße, Moers;2022-07-10 14:00:00 +0200;Sunday;391;18;cloudy;;242;149;379;12;236;143;6
Steinstraße, Moers;2022-07-10 15:00:00 +0200;Sunday;649;18;cloudy;;360;289;616;33;341;275;19
Steinstraße, Moers;2022-07-10 16:00:00 +0200;Sunday;590;19;cloudy;;321;269;563;27;304;259;17
Steinstraße, Moers;2022-07-10 17:00:00 +0200;Sunday;550;20;partly-cloudy-day;;273;277;528;22;261;267;12
Steinstraße, Moers;2022-07-10 18:00:00 +0200;Sunday;501;20;partly-cloudy-day;;233;268;476;25;221;255;12
Steinstraße, Moers;2022-07-10 19:00:00 +0200;Sunday;273;21;partly-cloudy-day;;107;166;268;5;106;162;1
Steinstraße, Moers;2022-07-10 20:00:00 +0200;Sunday;187;21;partly-cloudy-day;;103;84;183;4;99;84;4
Steinstraße, Moers;2022-07-10 21:00:00 +0200;Sunday;160;20;cloudy;;72;88;156;4;69;87;3
Steinstraße, Moers;2022-07-10 22:00:00 +0200;Sunday;94;19;partly-cloudy-night;;30;64;90;4;29;61;1
Steinstraße, Moers;2022-07-10 23:00:00 +0200;Sunday;44;18;partly-cloudy-night;;19;25;43;1;19;24;0
Steinstraße, Moers;2022-07-11 00:00:00 +0200;Monday;19;17;partly-cloudy-night;;10;9;19;0;10;9;0
Steinstraße, Moers;2022-07-11 01:00:00 +0200;Monday;7;16;partly-cloudy-night;;3;4;7;0;3;4;0
Steinstraße, Moers;2022-07-11 02:00:00 +0200;Monday;3;15;partly-cloudy-night;;0;3;3;0;0;3;0
Steinstraße, Moers;2022-07-11 03:00:00 +0200;Monday;6;15;partly-cloudy-night;;2;4;6;0;2;4;0
Steinstraße, Moers;2022-07-11 04:00:00 +0200;Monday;11;14;partly-cloudy-night;;4;7;11;0;4;7;0
Steinstraße, Moers;2022-07-11 05:00:00 +0200;Monday;15;14;partly-cloudy-night;;10;5;15;0;10;5;0
Steinstraße, Moers;2022-07-11 06:00:00 +0200;Monday;50;14;partly-cloudy-day;;34;16;47;3;31;16;3
Steinstraße, Moers;2022-07-11 07:00:00 +0200;Monday;101;15;partly-cloudy-day;;58;43;99;2;57;42;1
Steinstraße, Moers;2022-07-11 08:00:00 +0200;Monday;260;16;cloudy;;138;122;254;6;134;120;4
Steinstraße, Moers;2022-07-11 09:00:00 +0200;Monday;589;17;cloudy;;300;289;565;24;283;282;17
Steinstraße, Moers;2022-07-11 10:00:00 +0200;Monday;1071;18;cloudy;;569;502;1032;39;541;491;28
Steinstraße, Moers;2022-07-11 11:00:00 +0200;Monday;1315;19;cloudy;;621;694;1266;49;595;671;26
Steinstraße, Moers;2022-07-11 12:00:00 +0200;Monday;1510;20;cloudy;;773;737;1466;44;744;722;29
Steinstraße, Moers;2022-07-11 13:00:00 +0200;Monday;1350;21;cloudy;;668;682;1311;39;652;659;16
Steinstraße, Moers;2022-07-11 14:00:00 +0200;Monday;1284;21;cloudy;;650;634;1220;64;614;606;36
Steinstraße, Moers;2022-07-11 15:00:00 +0200;Monday;1496;22;partly-cloudy-day;;753;743;1431;65;707;724;46
Steinstraße, Moers;2022-07-11 16:00:00 +0200;Monday;1506;22;partly-cloudy-day;;756;750;1440;66;716;724;40
Steinstraße, Moers;2022-07-11 17:00:00 +0200;Monday;1256;23;partly-cloudy-day;;603;653;1199;57;574;625;29
Steinstraße, Moers;2022-07-11 18:00:00 +0200;Monday;889;23;partly-cloudy-day;;468;421;849;40;443;406;25
Steinstraße, Moers;2022-07-11 19:00:00 +0200;Monday;415;23;partly-cloudy-day;;236;179;400;15;227;173;9
Steinstraße, Moers;2022-07-11 20:00:00 +0200;Monday;223;23;partly-cloudy-day;;102;121;215;8;99;116;3
Steinstraße, Moers;2022-07-11 21:00:00 +0200;Monday;141;21;partly-cloudy-day;;66;75;139;2;65;74;1
Steinstraße, Moers;2022-07-11 22:00:00 +0200;Monday;90;20;partly-cloudy-night;;31;59;90;0;31;59;0
Steinstraße, Moers;2022-07-11 23:00:00 +0200;Monday;36;18;partly-cloudy-night;;14;22;36;0;14;22;0
Steinstraße, Moers;2022-07-12 00:00:00 +0200;Tuesday;15;17;cloudy;;8;7;15;0;8;7;0
Steinstraße, Moers;2022-07-12 01:00:00 +0200;Tuesday;6;17;cloudy;;3;3;6;0;3;3;0
Steinstraße, Moers;2022-07-12 02:00:00 +0200;Tuesday;5;16;partly-cloudy-night;;3;2;5;0;3;2;0
Steinstraße, Moers;2022-07-12 03:00:00 +0200;Tuesday;4;15;partly-cloudy-night;;4;0;4;0;4;0;0
Steinstraße, Moers;2022-07-12 04:00:00 +0200;Tuesday;9;14;clear-night;;2;7;9;0;2;7;0
Steinstraße, Moers;2022-07-12 05:00:00 +0200;Tuesday;13;14;partly-cloudy-night;;8;5;13;0;8;5;0
Steinstraße, Moers;2022-07-12 06:00:00 +0200;Tuesday;37;14;partly-cloudy-day;;25;12;35;2;24;11;1
Steinstraße, Moers;2022-07-12 07:00:00 +0200;Tuesday;113;15;clear-day;;68;45;108;5;64;44;4
Steinstraße, Moers;2022-07-12 08:00:00 +0200;Tuesday;355;17;partly-cloudy-day;;199;156;336;19;190;146;9
Steinstraße, Moers;2022-07-12 09:00:00 +0200;Tuesday;787;19;partly-cloudy-day;;405;382;744;43;380;364;25
Steinstraße, Moers;2022-07-12 10:00:00 +0200;Tuesday;1521;21;partly-cloudy-day;;775;746;1457;64;742;715;33
Steinstraße, Moers;2022-07-12 11:00:00 +0200;Tuesday;1771;23;partly-cloudy-day;;939;832;1695;76;893;802;46
Steinstraße, Moers;2022-07-12 12:00:00 +0200;Tuesday;1779;24;partly-cloudy-day;;883;896;1711;68;844;867;39
Steinstraße, Moers;2022-07-12 13:00:00 +0200;Tuesday;1556;25;partly-cloudy-day;;727;829;1491;65;693;798;34
Steinstraße, Moers;2022-07-12 14:00:00 +0200;Tuesday;1287;26;cloudy;;654;633;1232;55;626;606;28
Steinstraße, Moers;2022-07-12 15:00:00 +0200;Tuesday;1275;27;cloudy;;630;645;1232;43;605;627;25
Steinstraße, Moers;2022-07-12 16:00:00 +0200;Tuesday;1206;28;cloudy;;587;619;1161;45;562;599;25
Steinstraße, Moers;2022-07-12 17:00:00 +0200;Tuesday;1250;28;cloudy;;645;605;1188;62;609;579;36
Steinstraße, Moers;2022-07-12 18:00:00 +0200;Tuesday;869;29;partly-cloudy-day;;460;409;835;34;440;395;20
Steinstraße, Moers;2022-07-12 19:00:00 +0200;Tuesday;410;29;cloudy;;200;210;393;17;190;203;10
Steinstraße, Moers;2022-07-12 20:00:00 +0200;Tuesday;265;28;cloudy;;108;157;251;14;102;149;6
Steinstraße, Moers;2022-07-12 21:00:00 +0200;Tuesday;143;26;cloudy;;58;85;141;2;56;85;2
Steinstraße, Moers;2022-07-12 22:00:00 +0200;Tuesday;76;24;partly-cloudy-night;;28;48;75;1;28;47;0
Steinstraße, Moers;2022-07-12 23:00:00 +0200;Tuesday;33;23;cloudy;;20;13;33;0;20;13;0
Steinstraße, Moers;2022-07-13 00:00:00 +0200;Wednesday;23;22;cloudy;;9;14;22;1;9;13;0
Steinstraße, Moers;2022-07-13 01:00:00 +0200;Wednesday;6;21;cloudy;;1;5;6;0;1;5;0
Steinstraße, Moers;2022-07-13 02:00:00 +0200;Wednesday;5;21;cloudy;;1;4;5;0;1;4;0
Steinstraße, Moers;2022-07-13 03:00:00 +0200;Wednesday;4;21;partly-cloudy-night;;2;2;4;0;2;2;0
Steinstraße, Moers;2022-07-13 04:00:00 +0200;Wednesday;4;21;cloudy;;1;3;4;0;1;3;0
Steinstraße, Moers;2022-07-13 05:00:00 +0200;Wednesday;16;21;cloudy;;7;9;14;2;7;7;0
Steinstraße, Moers;2022-07-13 06:00:00 +0200;Wednesday;51;21;cloudy;;33;18;42;9;30;12;3
Steinstraße, Moers;2022-07-13 07:00:00 +0200;Wednesday;127;22;cloudy;;74;53;111;16;70;41;4
Steinstraße, Moers;2022-07-13 08:00:00 +0200;Wednesday;277;22;partly-cloudy-day;;153;124;255;22;138;117;15
Steinstraße, Moers;2022-07-13 09:00:00 +0200;Wednesday;542;24;partly-cloudy-day;;276;266;521;21;266;255;10
Steinstraße, Moers;2022-07-13 10:00:00 +0200;Wednesday;1023;25;partly-cloudy-day;;495;528;973;50;473;500;22
Steinstraße, Moers;2022-07-13 11:00:00 +0200;Wednesday;1243;27;partly-cloudy-day;;648;595;1188;55;619;569;29
Steinstraße, Moers;2022-07-13 12:00:00 +0200;Wednesday;1287;27;partly-cloudy-day;;621;666;1233;54;585;648;36
Steinstraße, Moers;2022-07-13 13:00:00 +0200;Wednesday;1270;28;partly-cloudy-day;;638;632;1220;50;607;613;31
Steinstraße, Moers;2022-07-13 14:00:00 +0200;Wednesday;1027;29;partly-cloudy-day;;501;526;985;42;479;506;22
Steinstraße, Moers;2022-07-13 15:00:00 +0200;Wednesday;1167;30;partly-cloudy-day;;601;566;1110;57;565;545;36
Steinstraße, Moers;2022-07-13 16:00:00 +0200;Wednesday;1253;30;partly-cloudy-day;;636;617;1190;63;597;593;39
Steinstraße, Moers;2022-07-13 17:00:00 +0200;Wednesday;1024;29;partly-cloudy-day;;495;529;981;43;467;514;28
Steinstraße, Moers;2022-07-13 18:00:00 +0200;Wednesday;668;29;partly-cloudy-day;;371;297;650;18;360;290;11
Steinstraße, Moers;2022-07-13 19:00:00 +0200;Wednesday;319;28;partly-cloudy-day;;140;179;311;8;136;175;4
Steinstraße, Moers;2022-07-13 20:00:00 +0200;Wednesday;197;28;partly-cloudy-day;;91;106;181;16;81;100;10
Steinstraße, Moers;2022-07-13 21:00:00 +0200;Wednesday;155;26;partly-cloudy-day;;71;84;151;4;70;81;1
Steinstraße, Moers;2022-07-13 22:00:00 +0200;Wednesday;124;23;partly-cloudy-night;;36;88;122;2;36;86;0
Steinstraße, Moers;2022-07-13 23:00:00 +0200;Wednesday;44;22;partly-cloudy-night;;20;24;44;0;20;24;0
Steinstraße, Moers;2022-07-14 00:00:00 +0200;Thursday;11;20;partly-cloudy-night;;3;8;11;0;3;8;0
Steinstraße, Moers;2022-07-14 01:00:00 +0200;Thursday;10;19;partly-cloudy-night;;6;4;10;0;6;4;0
Steinstraße, Moers;2022-07-14 02:00:00 +0200;Thursday;7;18;partly-cloudy-night;;6;1;7;0;6;1;0
Steinstraße, Moers;2022-07-14 03:00:00 +0200;Thursday;4;17;partly-cloudy-night;;2;2;4;0;2;2;0
Steinstraße, Moers;2022-07-14 04:00:00 +0200;Thursday;24;16;cloudy;;12;12;23;1;11;12;1
Steinstraße, Moers;2022-07-14 05:00:00 +0200;Thursday;16;15;cloudy;;12;4;15;1;12;3;0
Steinstraße, Moers;2022-07-14 06:00:00 +0200;Thursday;48;15;cloudy;;30;18;47;1;30;17;0
Steinstraße, Moers;2022-07-14 07:00:00 +0200;Thursday;94;16;partly-cloudy-day;;54;40;91;3;51;40;3
Steinstraße, Moers;2022-07-14 08:00:00 +0200;Thursday;183;17;partly-cloudy-day;;101;82;177;6;98;79;3
Steinstraße, Moers;2022-07-14 09:00:00 +0200;Thursday;528;18;clear-day;;282;246;512;16;272;240;10
Steinstraße, Moers;2022-07-14 10:00:00 +0200;Thursday;1143;20;clear-day;;547;596;1090;53;524;566;23
Steinstraße, Moers;2022-07-14 11:00:00 +0200;Thursday;1421;22;clear-day;;681;740;1347;74;646;701;35
Steinstraße, Moers;2022-07-14 12:00:00 +0200;Thursday;1394;23;clear-day;;720;674;1339;55;691;648;29
Steinstraße, Moers;2022-07-14 13:00:00 +0200;Thursday;1304;24;partly-cloudy-day;;677;627;1258;46;648;610;29
Steinstraße, Moers;2022-07-14 14:00:00 +0200;Thursday;1306;24;clear-day;;663;643;1248;58;635;613;28
Steinstraße, Moers;2022-07-14 15:00:00 +0200;Thursday;1290;25;partly-cloudy-day;;650;640;1222;68;610;612;40
Steinstraße, Moers;2022-07-14 16:00:00 +0200;Thursday;1481;25;partly-cloudy-day;;740;741;1410;71;701;709;39
Steinstraße, Moers;2022-07-14 17:00:00 +0200;Thursday;1186;26;partly-cloudy-day;;566;620;1124;62;534;590;32
Steinstraße, Moers;2022-07-14 18:00:00 +0200;Thursday;829;25;partly-cloudy-day;;437;392;795;34;414;381;23
Steinstraße, Moers;2022-07-14 19:00:00 +0200;Thursday;325;24;partly-cloudy-day;;167;158;321;4;165;156;2
Steinstraße, Moers;2022-07-14 20:00:00 +0200;Thursday;213;23;partly-cloudy-day;;85;128;205;8;84;121;1
Steinstraße, Moers;2022-07-14 21:00:00 +0200;Thursday;171;21;partly-cloudy-day;;86;85;169;2;84;85;2
Steinstraße, Moers;2022-07-14 22:00:00 +0200;Thursday;125;19;partly-cloudy-night;;37;88;122;3;36;86;1
Steinstraße, Moers;2022-07-14 23:00:00 +0200;Thursday;30;17;clear-night;;17;13;29;1;16;13;1
Steinstraße, Moers;2022-07-15 00:00:00 +0200;Friday;13;16;partly-cloudy-night;;7;6;13;0;7;6;0
Steinstraße, Moers;2022-07-15 01:00:00 +0200;Friday;15;15;partly-cloudy-night;;7;8;15;0;7;8;0
Steinstraße, Moers;2022-07-15 02:00:00 +0200;Friday;9;14;clear-night;;7;2;9;0;7;2;0
Steinstraße, Moers;2022-07-15 03:00:00 +0200;Friday;6;13;clear-night;;1;5;6;0;1;5;0
Steinstraße, Moers;2022-07-15 04:00:00 +0200;Friday;4;12;clear-night;;0;4;4;0;0;4;0
Steinstraße, Moers;2022-07-15 05:00:00 +0200;Friday;14;11;clear-night;;10;4;14;0;10;4;0
Steinstraße, Moers;2022-07-15 06:00:00 +0200;Friday;65;11;clear-day;;38;27;60;5;34;26;4
Steinstraße, Moers;2022-07-15 07:00:00 +0200;Friday;151;12;partly-cloudy-day;;74;77;144;7;70;74;4
Steinstraße, Moers;2022-07-15 08:00:00 +0200;Friday;366;14;partly-cloudy-day;;212;154;350;16;203;147;9
Steinstraße, Moers;2022-07-15 09:00:00 +0200;Friday;937;16;cloudy;;470;467;888;49;445;443;25
Steinstraße, Moers;2022-07-15 10:00:00 +0200;Friday;1642;18;partly-cloudy-day;;835;807;1573;69;794;779;41
Steinstraße, Moers;2022-07-15 11:00:00 +0200;Friday;1891;19;partly-cloudy-day;;964;927;1814;77;921;893;43
Steinstraße, Moers;2022-07-15 12:00:00 +0200;Friday;1918;20;partly-cloudy-day;;956;962;1842;76;907;935;49
Steinstraße, Moers;2022-07-15 13:00:00 +0200;Friday;1555;20;partly-cloudy-day;;763;792;1497;58;730;767;33
Steinstraße, Moers;2022-07-15 14:00:00 +0200;Friday;1236;21;partly-cloudy-day;;612;624;1188;48;590;598;22
Steinstraße, Moers;2022-07-15 15:00:00 +0200;Friday;1311;21;cloudy;;638;673;1248;63;603;645;35
Steinstraße, Moers;2022-07-15 16:00:00 +0200;Friday;1396;22;partly-cloudy-day;;666;730;1327;69;633;694;33
Steinstraße, Moers;2022-07-15 17:00:00 +0200;Friday;1206;23;partly-cloudy-day;;623;583;1156;50;599;557;24
Steinstraße, Moers;2022-07-15 18:00:00 +0200;Friday;908;23;partly-cloudy-day;;479;429;874;34;462;412;17
Steinstraße, Moers;2022-07-15 19:00:00 +0200;Friday;346;22;partly-cloudy-day;;188;158;334;12;179;155;9
Steinstraße, Moers;2022-07-15 20:00:00 +0200;Friday;307;22;partly-cloudy-day;;155;152;299;8;151;148;4
Steinstraße, Moers;2022-07-15 21:00:00 +0200;Friday;227;21;partly-cloudy-day;;110;117;221;6;106;115;4
Steinstraße, Moers;2022-07-15 22:00:00 +0200;Friday;134;19;clear-night;;44;90;134;0;44;90;0
Steinstraße, Moers;2022-07-15 23:00:00 +0200;Friday;77;17;clear-night;;16;61;77;0;16;61;0
Steinstraße, Moers;2022-07-16 00:00:00 +0200;Saturday;29;15;partly-cloudy-night;;13;16;29;0;13;16;0
Steinstraße, Moers;2022-07-16 01:00:00 +0200;Saturday;11;14;partly-cloudy-night;;5;6;11;0;5;6;0
Steinstraße, Moers;2022-07-16 02:00:00 +0200;Saturday;20;14;partly-cloudy-night;;14;6;20;0;14;6;0
Steinstraße, Moers;2022-07-16 03:00:00 +0200;Saturday;9;14;partly-cloudy-night;;6;3;9;0;6;3;0
Steinstraße, Moers;2022-07-16 04:00:00 +0200;Saturday;10;13;partly-cloudy-night;;4;6;10;0;4;6;0
Steinstraße, Moers;2022-07-16 05:00:00 +0200;Saturday;6;13;partly-cloudy-night;;6;0;6;0;6;0;0
Steinstraße, Moers;2022-07-16 06:00:00 +0200;Saturday;18;14;partly-cloudy-day;;12;6;14;4;8;6;4
Steinstraße, Moers;2022-07-16 07:00:00 +0200;Saturday;56;14;partly-cloudy-day;;32;24;54;2;31;23;1
Steinstraße, Moers;2022-07-16 08:00:00 +0200;Saturday;98;16;partly-cloudy-day;;55;43;97;1;54;43;1
Steinstraße, Moers;2022-07-16 09:00:00 +0200;Saturday;321;17;partly-cloudy-day;;170;151;303;18;161;142;9
Steinstraße, Moers;2022-07-16 10:00:00 +0200;Saturday;1080;19;partly-cloudy-day;;542;538;1041;39;520;521;22
Steinstraße, Moers;2022-07-16 11:00:00 +0200;Saturday;1643;20;partly-cloudy-day;;861;782;1594;49;832;762;29
Steinstraße, Moers;2022-07-16 12:00:00 +0200;Saturday;1969;21;partly-cloudy-day;;1016;953;1908;61;982;926;34
Steinstraße, Moers;2022-07-16 13:00:00 +0200;Saturday;1922;22;partly-cloudy-day;;1020;902;1873;49;991;882;29
Steinstraße, Moers;2022-07-16 14:00:00 +0200;Saturday;1807;23;partly-cloudy-day;;915;892;1754;53;885;869;30
Steinstraße, Moers;2022-07-16 15:00:00 +0200;Saturday;1912;23;partly-cloudy-day;;954;958;1821;91;900;921;54
Steinstraße, Moers;2022-07-16 16:00:00 +0200;Saturday;1507;24;partly-cloudy-day;;750;757;1447;60;715;732;35
Steinstraße, Moers;2022-07-16 17:00:00 +0200;Saturday;1352;24;partly-cloudy-day;;714;638;1277;75;671;606;43
Steinstraße, Moers;2022-07-16 18:00:00 +0200;Saturday;749;24;partly-cloudy-day;;381;368;711;38;362;349;19
Steinstraße, Moers;2022-07-16 19:00:00 +0200;Saturday;422;23;partly-cloudy-day;;171;251;412;10;168;244;3
Steinstraße, Moers;2022-07-16 20:00:00 +0200;Saturday;411;22;clear-day;;191;220;407;4;189;218;2
Steinstraße, Moers;2022-07-16 21:00:00 +0200;Saturday;230;21;clear-day;;109;121;222;8;108;114;1
Steinstraße, Moers;2022-07-16 22:00:00 +0200;Saturday;145;18;clear-night;;66;79;144;1;65;79;1
Steinstraße, Moers;2022-07-16 23:00:00 +0200;Saturday;86;16;clear-night;;30;56;86;0;30;56;0
Steinstraße, Moers;2022-07-17 00:00:00 +0200;Sunday;28;15;clear-night;;20;8;28;0;20;8;0
Steinstraße, Moers;2022-07-17 01:00:00 +0200;Sunday;22;14;clear-night;;8;14;22;0;8;14;0
Steinstraße, Moers;2022-07-17 02:00:00 +0200;Sunday;17;13;clear-night;;6;11;17;0;6;11;0
Steinstraße, Moers;2022-07-17 03:00:00 +0200;Sunday;0;12;partly-cloudy-night;;0;0;0;0;0;0;0
Steinstraße, Moers;2022-07-17 04:00:00 +0200;Sunday;5;11;partly-cloudy-night;;4;1;4;1;3;1;1
Steinstraße, Moers;2022-07-17 05:00:00 +0200;Sunday;17;11;partly-cloudy-night;;7;10;17;0;7;10;0
Steinstraße, Moers;2022-07-17 06:00:00 +0200;Sunday;285;11;clear-day;;134;151;282;3;131;151;3
Steinstraße, Moers;2022-07-17 07:00:00 +0200;Sunday;586;12;partly-cloudy-day;;317;269;582;4;315;267;2
Steinstraße, Moers;2022-07-17 08:00:00 +0200;Sunday;1562;14;partly-cloudy-day;;853;709;1527;35;828;699;25
Steinstraße, Moers;2022-07-17 09:00:00 +0200;Sunday;2253;16;clear-day;;1217;1036;2183;70;1182;1001;35
Steinstraße, Moers;2022-07-17 10:00:00 +0200;Sunday;2902;19;partly-cloudy-day;;1497;1405;2799;103;1437;1362;60
Steinstraße, Moers;2022-07-17 11:00:00 +0200;Sunday;3702;21;clear-day;;1886;1816;3568;134;1816;1752;70
Steinstraße, Moers;2022-07-17 12:00:00 +0200;Sunday;3809;22;partly-cloudy-day;;1898;1911;3692;117;1837;1855;61
Steinstraße, Moers;2022-07-17 13:00:00 +0200;Sunday;3409;23;partly-cloudy-day;;1638;1771;3293;116;1582;1711;56
Steinstraße, Moers;2022-07-17 14:00:00 +0200;Sunday;2801;25;clear-day;;1360;1441;2707;94;1299;1408;61
Steinstraße, Moers;2022-07-17 15:00:00 +0200;Sunday;2384;26;partly-cloudy-day;;1145;1239;2296;88;1096;1200;49
Steinstraße, Moers;2022-07-17 16:00:00 +0200;Sunday;1837;26;partly-cloudy-day;;845;992;1756;81;808;948;37
Steinstraße, Moers;2022-07-17 17:00:00 +0200;Sunday;953;27;partly-cloudy-day;;443;510;892;61;414;478;29
Steinstraße, Moers;2022-07-17 18:00:00 +0200;Sunday;344;27;partly-cloudy-day;;145;199;330;14;138;192;7
Steinstraße, Moers;2022-07-17 19:00:00 +0200;Sunday;265;27;cloudy;;129;136;254;11;121;133;8
Steinstraße, Moers;2022-07-17 20:00:00 +0200;Sunday;242;27;partly-cloudy-day;;106;136;231;11;98;133;8
Steinstraße, Moers;2022-07-17 21:00:00 +0200;Sunday;125;24;partly-cloudy-day;;56;69;121;4;54;67;2
Steinstraße, Moers;2022-07-17 22:00:00 +0200;Sunday;94;22;clear-night;;44;50;90;4;44;46;0
Steinstraße, Moers;2022-07-17 23:00:00 +0200;Sunday;31;21;clear-night;;15;16;31;0;15;16;0
Steinstraße, Moers;2022-07-18 00:00:00 +0200;Monday;13;19;clear-night;;11;2;13;0;11;2;0
Steinstraße, Moers;2022-07-18 01:00:00 +0200;Monday;6;18;clear-night;;4;2;6;0;4;2;0
Steinstraße, Moers;2022-07-18 02:00:00 +0200;Monday;0;17;clear-night;;0;0;0;0;0;0;0
Steinstraße, Moers;2022-07-18 03:00:00 +0200;Monday;1;16;partly-cloudy-night;;1;0;1;0;1;0;0
Steinstraße, Moers;2022-07-18 04:00:00 +0200;Monday;6;15;clear-night;;3;3;6;0;3;3;0
Steinstraße, Moers;2022-07-18 05:00:00 +0200;Monday;14;16;partly-cloudy-night;;7;7;14;0;7;7;0
Steinstraße, Moers;2022-07-18 06:00:00 +0200;Monday;56;15;partly-cloudy-day;;33;23;52;4;33;19;0
Steinstraße, Moers;2022-07-18 07:00:00 +0200;Monday;89;16;partly-cloudy-day;;53;36;88;1;52;36;1
Steinstraße, Moers;2022-07-18 08:00:00 +0200;Monday;230;19;partly-cloudy-day;;127;103;215;15;119;96;8
Steinstraße, Moers;2022-07-18 09:00:00 +0200;Monday;639;22;partly-cloudy-day;;320;319;608;31;302;306;18
Steinstraße, Moers;2022-07-18 10:00:00 +0200;Monday;1070;24;partly-cloudy-day;;553;517;1015;55;515;500;38
Steinstraße, Moers;2022-07-18 11:00:00 +0200;Monday;1180;27;partly-cloudy-day;;589;591;1144;36;572;572;17
Steinstraße, Moers;2022-07-18 12:00:00 +0200;Monday;1193;29;partly-cloudy-day;;580;613;1150;43;561;589;19
Steinstraße, Moers;2022-07-18 13:00:00 +0200;Monday;1068;30;partly-cloudy-day;;556;512;1026;42;536;490;20
Steinstraße, Moers;2022-07-18 14:00:00 +0200;Monday;857;32;partly-cloudy-day;;452;405;824;33;434;390;18
Steinstraße, Moers;2022-07-18 15:00:00 +0200;Monday;823;32;partly-cloudy-day;;424;399;803;20;416;387;8
Steinstraße, Moers;2022-07-18 16:00:00 +0200;Monday;884;33;clear-day;;429;455;859;25;411;448;18
Steinstraße, Moers;2022-07-18 17:00:00 +0200;Monday;778;34;clear-day;;409;369;746;32;394;352;15
Steinstraße, Moers;2022-07-18 18:00:00 +0200;Monday;600;34;clear-day;;341;259;578;22;327;251;14
Steinstraße, Moers;2022-07-18 19:00:00 +0200;Monday;287;34;clear-day;;106;181;279;8;104;175;2
Steinstraße, Moers;2022-07-18 20:00:00 +0200;Monday;182;33;clear-day;;90;92;180;2;88;92;2
Steinstraße, Moers;2022-07-18 21:00:00 +0200;Monday;147;31;clear-day;;69;78;141;6;66;75;3
Steinstraße, Moers;2022-07-18 22:00:00 +0200;Monday;112;28;clear-night;;50;62;108;4;48;60;2
Steinstraße, Moers;2022-07-18 23:00:00 +0200;Monday;58;26;clear-night;;27;31;58;0;27;31;0
Steinstraße, Moers;2022-07-19 00:00:00 +0200;Tuesday;28;24;clear-night;;11;17;28;0;11;17;0
Steinstraße, Moers;2022-07-19 01:00:00 +0200;Tuesday;12;23;clear-night;;8;4;11;1;7;4;1
Steinstraße, Moers;2022-07-19 02:00:00 +0200;Tuesday;7;22;clear-night;;4;3;7;0;4;3;0
Steinstraße, Moers;2022-07-19 03:00:00 +0200;Tuesday;0;20;clear-night;;0;0;0;0;0;0;0
Steinstraße, Moers;2022-07-19 04:00:00 +0200;Tuesday;11;19;clear-night;;5;6;11;0;5;6;0
Steinstraße, Moers;2022-07-19 05:00:00 +0200;Tuesday;12;19;clear-night;;10;2;12;0;10;2;0
Steinstraße, Moers;2022-07-19 06:00:00 +0200;Tuesday;42;19;clear-day;;25;17;41;1;25;16;0
Steinstraße, Moers;2022-07-19 07:00:00 +0200;Tuesday;130;20;clear-day;;77;53;126;4;74;52;3
Steinstraße, Moers;2022-07-19 08:00:00 +0200;Tuesday;360;23;clear-day;;203;157;350;10;197;153;6
Steinstraße, Moers;2022-07-19 09:00:00 +0200;Tuesday;798;26;clear-day;;399;399;771;27;383;388;16
Steinstraße, Moers;2022-07-19 10:00:00 +0200;Tuesday;1031;29;clear-day;;526;505;999;32;508;491;18
Steinstraße, Moers;2022-07-19 11:00:00 +0200;Tuesday;925;32;clear-day;;453;472;896;29;439;457;14
Steinstraße, Moers;2022-07-19 12:00:00 +0200;Tuesday;897;34;clear-day;;484;413;876;21;469;407;15
Steinstraße, Moers;2022-07-19 13:00:00 +0200;Tuesday;591;35;clear-day;;274;317;573;18;264;309;10
Steinstraße, Moers;2022-07-19 14:00:00 +0200;Tuesday;522;36;clear-day;;264;258;508;14;260;248;4
Steinstraße, Moers;2022-07-19 15:00:00 +0200;Tuesday;485;37;clear-day;;237;248;473;12;230;243;7
Steinstraße, Moers;2022-07-19 16:00:00 +0200;Tuesday;447;38;clear-day;;234;213;438;9;230;208;4
Steinstraße, Moers;2022-07-19 17:00:00 +0200;Tuesday;415;38;clear-day;;209;206;409;6;206;203;3
Steinstraße, Moers;2022-07-19 18:00:00 +0200;Tuesday;373;38;clear-day;;196;177;363;10;193;170;3
Steinstraße, Moers;2022-07-19 19:00:00 +0200;Tuesday;207;38;clear-day;;100;107;201;6;97;104;3
Steinstraße, Moers;2022-07-19 20:00:00 +0200;Tuesday;137;37;clear-day;;65;72;137;0;65;72;0
Steinstraße, Moers;2022-07-19 21:00:00 +0200;Tuesday;109;34;clear-day;;57;52;105;4;55;50;2
Steinstraße, Moers;2022-07-19 22:00:00 +0200;Tuesday;83;31;clear-night;;30;53;83;0;30;53;0
Steinstraße, Moers;2022-07-19 23:00:00 +0200;Tuesday;45;29;clear-night;;20;25;44;1;19;25;1
Steinstraße, Moers;2022-07-20 00:00:00 +0200;Wednesday;14;28;clear-night;;2;12;14;0;2;12;0
Steinstraße, Moers;2022-07-20 01:00:00 +0200;Wednesday;17;28;clear-night;;9;8;16;1;8;8;1
Steinstraße, Moers;2022-07-20 02:00:00 +0200;Wednesday;1;28;clear-night;;1;0;1;0;1;0;0
Steinstraße, Moers;2022-07-20 03:00:00 +0200;Wednesday;5;26;clear-night;;0;5;5;0;0;5;0
Steinstraße, Moers;2022-07-20 04:00:00 +0200;Wednesday;8;26;clear-night;;3;5;8;0;3;5;0
Steinstraße, Moers;2022-07-20 05:00:00 +0200;Wednesday;8;25;clear-night;;7;1;7;1;6;1;1
Steinstraße, Moers;2022-07-20 06:00:00 +0200;Wednesday;41;24;clear-day;;31;10;40;1;31;9;0
Steinstraße, Moers;2022-07-20 07:00:00 +0200;Wednesday;103;23;clear-day;;61;42;103;0;61;42;0
Steinstraße, Moers;2022-07-20 08:00:00 +0200;Wednesday;215;24;clear-day;;112;103;207;8;107;100;5
Steinstraße, Moers;2022-07-20 09:00:00 +0200;Wednesday;490;25;clear-day;;262;228;472;18;253;219;9
Steinstraße, Moers;2022-07-20 10:00:00 +0200;Wednesday;932;27;clear-day;;473;459;892;40;448;444;25
Steinstraße, Moers;2022-07-20 11:00:00 +0200;Wednesday;989;29;clear-day;;489;500;954;35;469;485;20
Steinstraße, Moers;2022-07-20 12:00:00 +0200;Wednesday;1113;30;clear-day;;549;564;1073;40;527;546;22
Steinstraße, Moers;2022-07-20 13:00:00 +0200;Wednesday;1032;31;clear-day;;558;474;1000;32;541;459;17
Steinstraße, Moers;2022-07-20 14:00:00 +0200;Wednesday;965;30;partly-cloudy-day;;461;504;932;33;442;490;19
Steinstraße, Moers;2022-07-20 15:00:00 +0200;Wednesday;989;30;partly-cloudy-day;;508;481;960;29;497;463;11
Steinstraße, Moers;2022-07-20 16:00:00 +0200;Wednesday;831;29;cloudy;;413;418;805;26;397;408;16
Steinstraße, Moers;2022-07-20 17:00:00 +0200;Wednesday;832;28;cloudy;;429;403;807;25;412;395;17
Steinstraße, Moers;2022-07-20 18:00:00 +0200;Wednesday;640;28;cloudy;;347;293;613;27;329;284;18
Steinstraße, Moers;2022-07-20 19:00:00 +0200;Wednesday;354;28;cloudy;;204;150;345;9;198;147;6
Steinstraße, Moers;2022-07-20 20:00:00 +0200;Wednesday;200;27;cloudy;;109;91;190;10;102;88;7
Steinstraße, Moers;2022-07-20 21:00:00 +0200;Wednesday;126;25;cloudy;;51;75;125;1;51;74;0
Steinstraße, Moers;2022-07-20 22:00:00 +0200;Wednesday;116;23;rain;;54;62;115;1;54;61;0
Steinstraße, Moers;2022-07-20 23:00:00 +0200;Wednesday;26;21;rain;;6;20;26;0;6;20;0
Steinstraße, Moers;2022-07-21 00:00:00 +0200;Thursday;5;21;rain;;4;1;5;0;4;1;0
Steinstraße, Moers;2022-07-21 01:00:00 +0200;Thursday;4;20;rain;;2;2;4;0;2;2;0
Steinstraße, Moers;2022-07-21 02:00:00 +0200;Thursday;0;19;rain;;0;0;0;0;0;0;0
Steinstraße, Moers;2022-07-21 03:00:00 +0200;Thursday;4;19;rain;;2;2;4;0;2;2;0
Steinstraße, Moers;2022-07-21 04:00:00 +0200;Thursday;10;18;rain;;5;5;10;0;5;5;0
Steinstraße, Moers;2022-07-21 05:00:00 +0200;Thursday;10;18;cloudy;;6;4;10;0;6;4;0
Steinstraße, Moers;2022-07-21 06:00:00 +0200;Thursday;45;18;cloudy;;24;21;44;1;23;21;1
Steinstraße, Moers;2022-07-21 07:00:00 +0200;Thursday;110;18;cloudy;;51;59;108;2;51;57;0
Steinstraße, Moers;2022-07-21 08:00:00 +0200;Thursday;196;18;cloudy;;105;91;194;2;103;91;2
Steinstraße, Moers;2022-07-21 09:00:00 +0200;Thursday;514;19;rain;;260;254;498;16;252;246;8
Steinstraße, Moers;2022-07-21 10:00:00 +0200;Thursday;950;19;rain;;471;479;906;44;450;456;21
Steinstraße, Moers;2022-07-21 11:00:00 +0200;Thursday;1238;20;rain;;610;628;1201;37;595;606;15
Steinstraße, Moers;2022-07-21 12:00:00 +0200;Thursday;792;20;cloudy;;379;413;763;29;363;400;16
Steinstraße, Moers;2022-07-21 13:00:00 +0200;Thursday;413;20;cloudy;;221;192;407;6;217;190;4
Steinstraße, Moers;2022-07-21 14:00:00 +0200;Thursday;477;20;rain;;223;254;463;14;216;247;7
Steinstraße, Moers;2022-07-21 15:00:00 +0200;Thursday;416;21;rain;;200;216;405;11;194;211;6
Steinstraße, Moers;2022-07-21 16:00:00 +0200;Thursday;872;21;rain;;409;463;846;26;398;448;11
Steinstraße, Moers;2022-07-21 17:00:00 +0200;Thursday;882;20;rain;;435;447;861;21;426;435;9
Steinstraße, Moers;2022-07-21 18:00:00 +0200;Thursday;663;20;cloudy;;329;334;636;27;314;322;15
Steinstraße, Moers;2022-07-21 19:00:00 +0200;Thursday;207;20;cloudy;;98;109;201;6;93;108;5
Steinstraße, Moers;2022-07-21 20:00:00 +0200;Thursday;112;20;partly-cloudy-day;;63;49;109;3;61;48;2
Steinstraße, Moers;2022-07-21 21:00:00 +0200;Thursday;65;20;partly-cloudy-day;;29;36;65;0;29;36;0
Steinstraße, Moers;2022-07-21 22:00:00 +0200;Thursday;56;18;cloudy;;34;22;56;0;34;22;0
Steinstraße, Moers;2022-07-21 23:00:00 +0200;Thursday;50;18;cloudy;;20;30;50;0;20;30;0
Steinstraße, Moers;2022-07-22 00:00:00 +0200;Friday;10;17;cloudy;;3;7;10;0;3;7;0
Steinstraße, Moers;2022-07-22 01:00:00 +0200;Friday;12;17;cloudy;;7;5;12;0;7;5;0
Steinstraße, Moers;2022-07-22 02:00:00 +0200;Friday;7;16;partly-cloudy-night;;5;2;7;0;5;2;0
Steinstraße, Moers;2022-07-22 03:00:00 +0200;Friday;2;16;partly-cloudy-night;;1;1;2;0;1;1;0
Steinstraße, Moers;2022-07-22 04:00:00 +0200;Friday;9;15;partly-cloudy-night;;1;8;9;0;1;8;0
Steinstraße, Moers;2022-07-22 05:00:00 +0200;Friday;18;15;partly-cloudy-night;;12;6;18;0;12;6;0
Steinstraße, Moers;2022-07-22 06:00:00 +0200;Friday;60;15;partly-cloudy-day;;33;27;60;0;33;27;0
Steinstraße, Moers;2022-07-22 07:00:00 +0200;Friday;131;15;partly-cloudy-day;;74;57;128;3;72;56;2
Steinstraße, Moers;2022-07-22 08:00:00 +0200;Friday;316;16;partly-cloudy-day;;156;160;303;13;151;152;5
Steinstraße, Moers;2022-07-22 09:00:00 +0200;Friday;800;17;partly-cloudy-day;;422;378;764;36;402;362;20
Steinstraße, Moers;2022-07-22 10:00:00 +0200;Friday;1452;18;partly-cloudy-day;;725;727;1374;78;682;692;43
Steinstraße, Moers;2022-07-22 11:00:00 +0200;Friday;1864;19;partly-cloudy-day;;946;918;1781;83;901;880;45
Steinstraße, Moers;2022-07-22 12:00:00 +0200;Friday;1838;21;partly-cloudy-day;;892;946;1765;73;852;913;40
Steinstraße, Moers;2022-07-22 13:00:00 +0200;Friday;1533;22;partly-cloudy-day;;716;817;1463;70;679;784;37
Steinstraße, Moers;2022-07-22 14:00:00 +0200;Friday;1301;22;partly-cloudy-day;;647;654;1254;47;631;623;16
Steinstraße, Moers;2022-07-22 15:00:00 +0200;Friday;1446;23;partly-cloudy-day;;716;730;1385;61;685;700;31
Steinstraße, Moers;2022-07-22 16:00:00 +0200;Friday;1430;24;partly-cloudy-day;;693;737;1372;58;660;712;33
Steinstraße, Moers;2022-07-22 17:00:00 +0200;Friday;1305;23;cloudy;;694;611;1237;68;653;584;41
Steinstraße, Moers;2022-07-22 18:00:00 +0200;Friday;967;23;cloudy;;491;476;925;42;469;456;22
Steinstraße, Moers;2022-07-22 19:00:00 +0200;Friday;372;23;cloudy;;195;177;360;12;190;170;5
Steinstraße, Moers;2022-07-22 20:00:00 +0200;Friday;225;22;cloudy;;112;113;220;5;110;110;2
Steinstraße, Moers;2022-07-22 21:00:00 +0200;Friday;223;21;cloudy;;118;105;220;3;116;104;2
Steinstraße, Moers;2022-07-22 22:00:00 +0200;Friday;153;20;cloudy;;75;78;151;2;74;77;1
Steinstraße, Moers;2022-07-22 23:00:00 +0200;Friday;71;19;cloudy;;30;41;67;4;28;39;2
Steinstraße, Moers;2022-07-23 00:00:00 +0200;Saturday;22;18;partly-cloudy-night;;15;7;22;0;15;7;0
Steinstraße, Moers;2022-07-23 01:00:00 +0200;Saturday;11;17;partly-cloudy-night;;6;5;10;1;5;5;1
Steinstraße, Moers;2022-07-23 02:00:00 +0200;Saturday;14;17;partly-cloudy-night;;11;3;14;0;11;3;0
Steinstraße, Moers;2022-07-23 03:00:00 +0200;Saturday;3;16;cloudy;;0;3;2;1;0;2;0
Steinstraße, Moers;2022-07-23 04:00:00 +0200;Saturday;4;16;partly-cloudy-night;;2;2;4;0;2;2;0
Steinstraße, Moers;2022-07-23 05:00:00 +0200;Saturday;4;15;partly-cloudy-night;;3;1;4;0;3;1;0
Steinstraße, Moers;2022-07-23 06:00:00 +0200;Saturday;24;15;partly-cloudy-day;;17;7;24;0;17;7;0
Steinstraße, Moers;2022-07-23 07:00:00 +0200;Saturday;42;15;partly-cloudy-day;;21;21;42;0;21;21;0
Steinstraße, Moers;2022-07-23 08:00:00 +0200;Saturday;108;16;partly-cloudy-day;;56;52;105;3;53;52;3
Steinstraße, Moers;2022-07-23 09:00:00 +0200;Saturday;368;18;clear-day;;200;168;354;14;193;161;7
Steinstraße, Moers;2022-07-23 10:00:00 +0200;Saturday;916;19;partly-cloudy-day;;459;457;886;30;446;440;13
Steinstraße, Moers;2022-07-23 11:00:00 +0200;Saturday;1443;21;partly-cloudy-day;;736;707;1393;50;709;684;27
Steinstraße, Moers;2022-07-23 12:00:00 +0200;Saturday;1762;22;partly-cloudy-day;;886;876;1704;58;854;850;32
Steinstraße, Moers;2022-07-23 13:00:00 +0200;Saturday;1786;23;partly-cloudy-day;;900;886;1715;71;857;858;43
Steinstraße, Moers;2022-07-23 14:00:00 +0200;Saturday;1719;24;clear-day;;879;840;1653;66;834;819;45
Steinstraße, Moers;2022-07-23 15:00:00 +0200;Saturday;1545;25;partly-cloudy-day;;788;757;1497;48;762;735;26
Steinstraße, Moers;2022-07-23 16:00:00 +0200;Saturday;1342;26;partly-cloudy-day;;645;697;1300;42;622;678;23
Steinstraße, Moers;2022-07-23 17:00:00 +0200;Saturday;1077;26;partly-cloudy-day;;557;520;1020;57;525;495;32
Steinstraße, Moers;2022-07-23 18:00:00 +0200;Saturday;660;26;partly-cloudy-day;;330;330;629;31;315;314;15
Steinstraße, Moers;2022-07-23 19:00:00 +0200;Saturday;317;26;partly-cloudy-day;;156;161;297;20;149;148;7
Steinstraße, Moers;2022-07-23 20:00:00 +0200;Saturday;262;25;partly-cloudy-day;;129;133;261;1;129;132;0
Steinstraße, Moers;2022-07-23 21:00:00 +0200;Saturday;211;23;partly-cloudy-day;;102;109;205;6;99;106;3
Steinstraße, Moers;2022-07-23 22:00:00 +0200;Saturday;184;22;partly-cloudy-night;;77;107;179;5;74;105;3
Steinstraße, Moers;2022-07-23 23:00:00 +0200;Saturday;72;20;partly-cloudy-night;;23;49;69;3;22;47;1
Steinstraße, Moers;2022-07-24 00:00:00 +0200;Sunday;43;19;partly-cloudy-night;;21;22;42;1;20;22;1
Steinstraße, Moers;2022-07-24 01:00:00 +0200;Sunday;25;19;partly-cloudy-night;;18;7;24;1;17;7;1
Steinstraße, Moers;2022-07-24 02:00:00 +0200;Sunday;10;18;clear-night;;5;5;10;0;5;5;0
Steinstraße, Moers;2022-07-24 03:00:00 +0200;Sunday;6;17;partly-cloudy-night;;1;5;6;0;1;5;0
Steinstraße, Moers;2022-07-24 04:00:00 +0200;Sunday;3;17;clear-night;;1;2;3;0;1;2;0
Steinstraße, Moers;2022-07-24 05:00:00 +0200;Sunday;6;16;clear-night;;4;2;6;0;4;2;0
Steinstraße, Moers;2022-07-24 06:00:00 +0200;Sunday;10;17;partly-cloudy-day;;5;5;10;0;5;5;0
Steinstraße, Moers;2022-07-24 07:00:00 +0200;Sunday;20;17;clear-day;;13;7;20;0;13;7;0
Steinstraße, Moers;2022-07-24 08:00:00 +0200;Sunday;40;19;partly-cloudy-day;;19;21;37;3;16;21;3
Steinstraße, Moers;2022-07-24 09:00:00 +0200;Sunday;65;21;partly-cloudy-day;;38;27;62;3;36;26;2
Steinstraße, Moers;2022-07-24 10:00:00 +0200;Sunday;153;23;clear-day;;91;62;147;6;87;60;4
Steinstraße, Moers;2022-07-24 11:00:00 +0200;Sunday;190;25;clear-day;;103;87;184;6;100;84;3
Steinstraße, Moers;2022-07-24 12:00:00 +0200;Sunday;240;27;clear-day;;133;107;229;11;125;104;8
Steinstraße, Moers;2022-07-24 13:00:00 +0200;Sunday;226;28;partly-cloudy-day;;123;103;219;7;118;101;5
Steinstraße, Moers;2022-07-24 14:00:00 +0200;Sunday;251;29;partly-cloudy-day;;117;134;244;7;113;131;4
Steinstraße, Moers;2022-07-24 15:00:00 +0200;Sunday;254;29;partly-cloudy-day;;147;107;249;5;145;104;2
Steinstraße, Moers;2022-07-24 16:00:00 +0200;Sunday;321;31;partly-cloudy-day;;176;145;313;8;171;142;5
Steinstraße, Moers;2022-07-24 17:00:00 +0200;Sunday;277;31;clear-day;;135;142;266;11;130;136;5
Steinstraße, Moers;2022-07-24 18:00:00 +0200;Sunday;261;32;clear-day;;136;125;242;19;122;120;14
Steinstraße, Moers;2022-07-24 19:00:00 +0200;Sunday;223;32;clear-day;;112;111;214;9;109;105;3
Steinstraße, Moers;2022-07-24 20:00:00 +0200;Sunday;177;31;clear-day;;89;88;173;4;89;84;0
Steinstraße, Moers;2022-07-24 21:00:00 +0200;Sunday;156;29;clear-day;;75;81;153;3;73;80;2
Steinstraße, Moers;2022-07-24 22:00:00 +0200;Sunday;99;27;partly-cloudy-night;;46;53;98;1;46;52;0
Steinstraße, Moers;2022-07-24 23:00:00 +0200;Sunday;32;26;partly-cloudy-night;;12;20;32;0;12;20;0
Steinstraße, Moers;2022-07-25 00:00:00 +0200;Monday;8;25;partly-cloudy-night;;5;3;8;0;5;3;0
Steinstraße, Moers;2022-07-25 01:00:00 +0200;Monday;9;24;partly-cloudy-night;;5;4;9;0;5;4;0
Steinstraße, Moers;2022-07-25 02:00:00 +0200;Monday;3;23;clear-night;;2;1;3;0;2;1;0
Steinstraße, Moers;2022-07-25 03:00:00 +0200;Monday;5;22;clear-night;;1;4;5;0;1;4;0
Steinstraße, Moers;2022-07-25 04:00:00 +0200;Monday;9;21;clear-night;;5;4;9;0;5;4;0
Steinstraße, Moers;2022-07-25 05:00:00 +0200;Monday;21;21;partly-cloudy-night;;11;10;21;0;11;10;0
Steinstraße, Moers;2022-07-25 06:00:00 +0200;Monday;45;21;partly-cloudy-day;;27;18;43;2;27;16;0
Steinstraße, Moers;2022-07-25 07:00:00 +0200;Monday;103;22;partly-cloudy-day;;60;43;100;3;57;43;3
Steinstraße, Moers;2022-07-25 08:00:00 +0200;Monday;242;23;partly-cloudy-day;;142;100;231;11;134;97;8
Steinstraße, Moers;2022-07-25 09:00:00 +0200;Monday;536;25;partly-cloudy-day;;281;255;516;20;272;244;9
Steinstraße, Moers;2022-07-25 10:00:00 +0200;Monday;1039;27;partly-cloudy-day;;505;534;997;42;480;517;25
Steinstraße, Moers;2022-07-25 11:00:00 +0200;Monday;1163;28;partly-cloudy-day;;614;549;1111;52;579;532;35
Steinstraße, Moers;2022-07-25 12:00:00 +0200;Monday;1338;29;partly-cloudy-day;;718;620;1285;53;682;603;36
Steinstraße, Moers;2022-07-25 13:00:00 +0200;Monday;1180;29;partly-cloudy-day;;588;592;1128;52;560;568;28
Steinstraße, Moers;2022-07-25 14:00:00 +0200;Monday;1133;30;partly-cloudy-day;;557;576;1077;56;526;551;31
Steinstraße, Moers;2022-07-25 15:00:00 +0200;Monday;1238;28;partly-cloudy-day;;604;634;1183;55;580;603;24
Steinstraße, Moers;2022-07-25 16:00:00 +0200;Monday;1212;28;partly-cloudy-day;;630;582;1166;46;600;566;30
Steinstraße, Moers;2022-07-25 17:00:00 +0200;Monday;1162;27;cloudy;;554;608;1111;51;528;583;26
Steinstraße, Moers;2022-07-25 18:00:00 +0200;Monday;819;27;cloudy;;469;350;787;32;450;337;19
Steinstraße, Moers;2022-07-25 19:00:00 +0200;Monday;320;26;cloudy;;174;146;315;5;171;144;3
Steinstraße, Moers;2022-07-25 20:00:00 +0200;Monday;191;25;cloudy;;101;90;188;3;99;89;2
Steinstraße, Moers;2022-07-25 21:00:00 +0200;Monday;155;24;cloudy;;67;88;152;3;65;87;2
Steinstraße, Moers;2022-07-25 22:00:00 +0200;Monday;83;22;cloudy;;40;43;83;0;40;43;0
Steinstraße, Moers;2022-07-25 23:00:00 +0200;Monday;26;21;cloudy;;10;16;26;0;10;16;0
Steinstraße, Moers;2022-07-26 00:00:00 +0200;Tuesday;33;20;partly-cloudy-night;;18;15;32;1;17;15;1
Steinstraße, Moers;2022-07-26 01:00:00 +0200;Tuesday;1;19;partly-cloudy-night;;0;1;1;0;0;1;0
Steinstraße, Moers;2022-07-26 02:00:00 +0200;Tuesday;4;19;partly-cloudy-night;;3;1;4;0;3;1;0
Steinstraße, Moers;2022-07-26 03:00:00 +0200;Tuesday;2;19;partly-cloudy-night;;1;1;2;0;1;1;0
Steinstraße, Moers;2022-07-26 04:00:00 +0200;Tuesday;6;18;partly-cloudy-night;;0;6;6;0;0;6;0
Steinstraße, Moers;2022-07-26 05:00:00 +0200;Tuesday;16;17;partly-cloudy-night;;11;5;16;0;11;5;0
Steinstraße, Moers;2022-07-26 06:00:00 +0200;Tuesday;55;17;partly-cloudy-day;;32;23;54;1;32;22;0
Steinstraße, Moers;2022-07-26 07:00:00 +0200;Tuesday;96;17;partly-cloudy-day;;55;41;93;3;53;40;2
Steinstraße, Moers;2022-07-26 08:00:00 +0200;Tuesday;282;17;partly-cloudy-day;;156;126;270;12;150;120;6
Steinstraße, Moers;2022-07-26 09:00:00 +0200;Tuesday;668;18;partly-cloudy-day;;336;332;646;22;322;324;14
Steinstraße, Moers;2022-07-26 10:00:00 +0200;Tuesday;1349;19;partly-cloudy-day;;691;658;1289;60;659;630;32
Steinstraße, Moers;2022-07-26 11:00:00 +0200;Tuesday;1676;21;partly-cloudy-day;;841;835;1610;66;804;806;37
Steinstraße, Moers;2022-07-26 12:00:00 +0200;Tuesday;1574;22;partly-cloudy-day;;760;814;1523;51;728;795;32
Steinstraße, Moers;2022-07-26 13:00:00 +0200;Tuesday;1380;22;partly-cloudy-day;;697;683;1328;52;670;658;27
Steinstraße, Moers;2022-07-26 14:00:00 +0200;Tuesday;1164;21;partly-cloudy-day;;570;594;1125;39;548;577;22
Steinstraße, Moers;2022-07-26 15:00:00 +0200;Tuesday;1458;20;partly-cloudy-day;;742;716;1396;62;706;690;36
Steinstraße, Moers;2022-07-26 16:00:00 +0200;Tuesday;1192;20;cloudy;;612;580;1150;42;591;559;21
Steinstraße, Moers;2022-07-26 17:00:00 +0200;Tuesday;1167;21;cloudy;;551;616;1113;54;524;589;27
Steinstraße, Moers;2022-07-26 18:00:00 +0200;Tuesday;838;21;cloudy;;465;373;812;26;450;362;15
Steinstraße, Moers;2022-07-26 19:00:00 +0200;Tuesday;334;21;partly-cloudy-day;;159;175;328;6;158;170;1
Steinstraße, Moers;2022-07-26 20:00:00 +0200;Tuesday;147;21;cloudy;;62;85;144;3;61;83;1
Steinstraße, Moers;2022-07-26 21:00:00 +0200;Tuesday;87;20;cloudy;;31;56;86;1;31;55;0
Steinstraße, Moers;2022-07-26 22:00:00 +0200;Tuesday;77;19;cloudy;;39;38;77;0;39;38;0
Steinstraße, Moers;2022-07-26 23:00:00 +0200;Tuesday;10;18;cloudy;;7;3;10;0;7;3;0
Steinstraße, Moers;2022-07-27 00:00:00 +0200;Wednesday;16;16;partly-cloudy-night;;3;13;16;0;3;13;0
Steinstraße, Moers;2022-07-27 01:00:00 +0200;Wednesday;26;15;partly-cloudy-night;;11;15;24;2;11;13;0
Steinstraße, Moers;2022-07-27 02:00:00 +0200;Wednesday;8;15;partly-cloudy-night;;5;3;8;0;5;3;0
Steinstraße, Moers;2022-07-27 03:00:00 +0200;Wednesday;7;14;partly-cloudy-night;;1;6;7;0;1;6;0
Steinstraße, Moers;2022-07-27 04:00:00 +0200;Wednesday;13;13;partly-cloudy-night;;3;10;13;0;3;10;0
Steinstraße, Moers;2022-07-27 05:00:00 +0200;Wednesday;8;12;partly-cloudy-night;;5;3;8;0;5;3;0
Steinstraße, Moers;2022-07-27 06:00:00 +0200;Wednesday;61;12;partly-cloudy-day;;31;30;59;2;30;29;1
Steinstraße, Moers;2022-07-27 07:00:00 +0200;Wednesday;121;13;partly-cloudy-day;;60;61;121;0;60;61;0
Steinstraße, Moers;2022-07-27 08:00:00 +0200;Wednesday;258;14;partly-cloudy-day;;125;133;235;23;113;122;12
Steinstraße, Moers;2022-07-27 09:00:00 +0200;Wednesday;526;15;partly-cloudy-day;;271;255;499;27;260;239;11
Steinstraße, Moers;2022-07-27 10:00:00 +0200;Wednesday;1065;17;partly-cloudy-day;;525;540;1016;49;501;515;24
Steinstraße, Moers;2022-07-27 11:00:00 +0200;Wednesday;1377;18;partly-cloudy-day;;719;658;1324;53;692;632;27
Steinstraße, Moers;2022-07-27 12:00:00 +0200;Wednesday;1616;19;partly-cloudy-day;;817;799;1535;81;774;761;43
Steinstraße, Moers;2022-07-27 13:00:00 +0200;Wednesday;1462;20;partly-cloudy-day;;749;713;1420;42;722;698;27
Steinstraße, Moers;2022-07-27 14:00:00 +0200;Wednesday;1456;21;partly-cloudy-day;;740;716;1372;84;691;681;49
Steinstraße, Moers;2022-07-27 15:00:00 +0200;Wednesday;1523;22;partly-cloudy-day;;720;803;1437;86;678;759;42
Steinstraße, Moers;2022-07-27 16:00:00 +0200;Wednesday;1529;22;partly-cloudy-day;;789;740;1440;89;742;698;47
Steinstraße, Moers;2022-07-27 17:00:00 +0200;Wednesday;1223;22;partly-cloudy-day;;601;622;1162;61;569;593;32
Steinstraße, Moers;2022-07-27 18:00:00 +0200;Wednesday;983;22;partly-cloudy-day;;512;471;951;32;493;458;19
Steinstraße, Moers;2022-07-27 19:00:00 +0200;Wednesday;361;22;partly-cloudy-day;;161;200;351;10;156;195;5
Steinstraße, Moers;2022-07-27 20:00:00 +0200;Wednesday;166;21;partly-cloudy-day;;77;89;164;2;75;89;2
Steinstraße, Moers;2022-07-27 21:00:00 +0200;Wednesday;158;20;partly-cloudy-day;;71;87;158;0;71;87;0
Steinstraße, Moers;2022-07-27 22:00:00 +0200;Wednesday;113;18;partly-cloudy-night;;52;61;112;1;52;60;0
Steinstraße, Moers;2022-07-27 23:00:00 +0200;Wednesday;28;17;partly-cloudy-night;;11;17;28;0;11;17;0
Steinstraße, Moers;2022-07-28 00:00:00 +0200;Thursday;25;16;partly-cloudy-night;;16;9;25;0;16;9;0
Steinstraße, Moers;2022-07-28 01:00:00 +0200;Thursday;7;15;partly-cloudy-night;;2;5;7;0;2;5;0
Steinstraße, Moers;2022-07-28 02:00:00 +0200;Thursday;8;15;partly-cloudy-night;;2;6;8;0;2;6;0
Steinstraße, Moers;2022-07-28 03:00:00 +0200;Thursday;5;14;partly-cloudy-night;;2;3;5;0;2;3;0
Steinstraße, Moers;2022-07-28 04:00:00 +0200;Thursday;6;13;partly-cloudy-night;;2;4;6;0;2;4;0
Steinstraße, Moers;2022-07-28 05:00:00 +0200;Thursday;11;13;partly-cloudy-night;;7;4;11;0;7;4;0
Steinstraße, Moers;2022-07-28 06:00:00 +0200;Thursday;39;12;partly-cloudy-day;;25;14;38;1;24;14;1
Steinstraße, Moers;2022-07-28 07:00:00 +0200;Thursday;81;13;partly-cloudy-day;;49;32;80;1;48;32;1
Steinstraße, Moers;2022-07-28 08:00:00 +0200;Thursday;243;14;partly-cloudy-day;;131;112;224;19;122;102;9
Steinstraße, Moers;2022-07-28 09:00:00 +0200;Thursday;582;16;cloudy;;298;284;565;17;293;272;5
Steinstraße, Moers;2022-07-28 10:00:00 +0200;Thursday;1087;18;cloudy;;564;523;1044;43;542;502;22
Steinstraße, Moers;2022-07-28 11:00:00 +0200;Thursday;1367;20;partly-cloudy-day;;661;706;1306;61;629;677;32
Steinstraße, Moers;2022-07-28 12:00:00 +0200;Thursday;1474;21;partly-cloudy-day;;764;710;1422;52;739;683;25
Steinstraße, Moers;2022-07-28 13:00:00 +0200;Thursday;1497;22;partly-cloudy-day;;748;749;1448;49;723;725;25
Steinstraße, Moers;2022-07-28 14:00:00 +0200;Thursday;1377;23;partly-cloudy-day;;719;658;1327;50;686;641;33
Steinstraße, Moers;2022-07-28 15:00:00 +0200;Thursday;1650;24;cloudy;;828;822;1564;86;781;783;47
Steinstraße, Moers;2022-07-28 16:00:00 +0200;Thursday;1659;25;cloudy;;825;834;1576;83;778;798;47
Steinstraße, Moers;2022-07-28 17:00:00 +0200;Thursday;1497;25;cloudy;;756;741;1431;66;716;715;40
Steinstraße, Moers;2022-07-28 18:00:00 +0200;Thursday;983;26;cloudy;;478;505;943;40;461;482;17
Steinstraße, Moers;2022-07-28 19:00:00 +0200;Thursday;363;25;cloudy;;177;186;349;14;166;183;11
Steinstraße, Moers;2022-07-28 20:00:00 +0200;Thursday;215;24;cloudy;;116;99;212;3;114;98;2
Steinstraße, Moers;2022-07-28 21:00:00 +0200;Thursday;140;23;cloudy;;53;87;138;2;53;85;0
Steinstraße, Moers;2022-07-28 22:00:00 +0200;Thursday;77;22;cloudy;;32;45;76;1;32;44;0
Steinstraße, Moers;2022-07-28 23:00:00 +0200;Thursday;47;21;cloudy;;24;23;46;1;24;22;0
Steinstraße, Moers;2022-07-29 00:00:00 +0200;Friday;14;20;cloudy;;10;4;14;0;10;4;0
Steinstraße, Moers;2022-07-29 01:00:00 +0200;Friday;3;20;cloudy;;1;2;3;0;1;2;0
Steinstraße, Moers;2022-07-29 02:00:00 +0200;Friday;5;19;cloudy;;0;5;5;0;0;5;0
Steinstraße, Moers;2022-07-29 03:00:00 +0200;Friday;3;19;cloudy;;1;2;3;0;1;2;0
Steinstraße, Moers;2022-07-29 04:00:00 +0200;Friday;6;18;cloudy;;1;5;6;0;1;5;0
Steinstraße, Moers;2022-07-29 05:00:00 +0200;Friday;12;17;cloudy;;8;4;12;0;8;4;0
Steinstraße, Moers;2022-07-29 06:00:00 +0200;Friday;24;17;cloudy;;15;9;22;2;13;9;2
Steinstraße, Moers;2022-07-29 07:00:00 +0200;Friday;98;17;cloudy;;51;47;96;2;49;47;2
Steinstraße, Moers;2022-07-29 08:00:00 +0200;Friday;244;17;partly-cloudy-day;;135;109;240;4;133;107;2
Steinstraße, Moers;2022-07-29 09:00:00 +0200;Friday;556;18;partly-cloudy-day;;291;265;542;14;283;259;8
Steinstraße, Moers;2022-07-29 10:00:00 +0200;Friday;986;20;partly-cloudy-day;;503;483;952;34;488;464;15
Steinstraße, Moers;2022-07-29 11:00:00 +0200;Friday;1613;22;partly-cloudy-day;;835;778;1566;47;806;760;29
Steinstraße, Moers;2022-07-29 12:00:00 +0200;Friday;1774;23;partly-cloudy-day;;852;922;1733;41;831;902;21
Steinstraße, Moers;2022-07-29 13:00:00 +0200;Friday;1464;24;partly-cloudy-day;;698;766;1411;53;677;734;21
Steinstraße, Moers;2022-07-29 14:00:00 +0200;Friday;1347;25;cloudy;;683;664;1288;59;649;639;34
Steinstraße, Moers;2022-07-29 15:00:00 +0200;Friday;1474;26;partly-cloudy-day;;771;703;1400;74;723;677;48
Steinstraße, Moers;2022-07-29 16:00:00 +0200;Friday;1619;27;partly-cloudy-day;;783;836;1540;79;747;793;36
Steinstraße, Moers;2022-07-29 17:00:00 +0200;Friday;1400;26;partly-cloudy-day;;710;690;1334;66;678;656;32
Steinstraße, Moers;2022-07-29 18:00:00 +0200;Friday;1042;26;cloudy;;542;500;1002;40;520;482;22
Steinstraße, Moers;2022-07-29 19:00:00 +0200;Friday;428;26;cloudy;;220;208;417;11;212;205;8
Steinstraße, Moers;2022-07-29 20:00:00 +0200;Friday;264;24;partly-cloudy-day;;153;111;261;3;151;110;2
Steinstraße, Moers;2022-07-29 21:00:00 +0200;Friday;242;22;cloudy;;118;124;240;2;118;122;0
Steinstraße, Moers;2022-07-29 22:00:00 +0200;Friday;135;21;partly-cloudy-night;;54;81;134;1;53;81;1
Steinstraße, Moers;2022-07-29 23:00:00 +0200;Friday;120;20;partly-cloudy-night;;41;79;119;1;41;78;0
Steinstraße, Moers;2022-07-30 00:00:00 +0200;Saturday;26;18;clear-night;;11;15;26;0;11;15;0
Steinstraße, Moers;2022-07-30 01:00:00 +0200;Saturday;17;17;clear-night;;6;11;17;0;6;11;0
Steinstraße, Moers;2022-07-30 02:00:00 +0200;Saturday;9;17;clear-night;;3;6;9;0;3;6;0
Steinstraße, Moers;2022-07-30 03:00:00 +0200;Saturday;2;16;partly-cloudy-night;;1;1;2;0;1;1;0
Steinstraße, Moers;2022-07-30 04:00:00 +0200;Saturday;7;15;partly-cloudy-night;;2;5;7;0;2;5;0
Steinstraße, Moers;2022-07-30 05:00:00 +0200;Saturday;9;14;clear-night;;1;8;8;1;1;7;0
Steinstraße, Moers;2022-07-30 06:00:00 +0200;Saturday;24;14;clear-night;;20;4;23;1;19;4;1
Steinstraße, Moers;2022-07-30 07:00:00 +0200;Saturday;25;14;partly-cloudy-day;;11;14;25;0;11;14;0
Steinstraße, Moers;2022-07-30 08:00:00 +0200;Saturday;92;16;partly-cloudy-day;;52;40;88;4;50;38;2
Steinstraße, Moers;2022-07-30 09:00:00 +0200;Saturday;380;18;partly-cloudy-day;;201;179;358;22;189;169;12
Steinstraße, Moers;2022-07-30 10:00:00 +0200;Saturday;993;20;clear-day;;501;492;957;36;477;480;24
Steinstraße, Moers;2022-07-30 11:00:00 +0200;Saturday;1652;22;clear-day;;857;795;1600;52;833;767;24
Steinstraße, Moers;2022-07-30 12:00:00 +0200;Saturday;2144;24;clear-day;;1146;998;2055;89;1092;963;54
Steinstraße, Moers;2022-07-30 13:00:00 +0200;Saturday;2133;25;partly-cloudy-day;;1085;1048;2053;80;1044;1009;41
Steinstraße, Moers;2022-07-30 14:00:00 +0200;Saturday;1939;26;partly-cloudy-day;;988;951;1878;61;959;919;29
Steinstraße, Moers;2022-07-30 15:00:00 +0200;Saturday;1778;26;partly-cloudy-day;;888;890;1710;68;852;858;36
Steinstraße, Moers;2022-07-30 16:00:00 +0200;Saturday;1579;27;partly-cloudy-day;;743;836;1508;71;702;806;41
Steinstraße, Moers;2022-07-30 17:00:00 +0200;Saturday;1382;26;partly-cloudy-day;;738;644;1307;75;698;609;40
Steinstraße, Moers;2022-07-30 18:00:00 +0200;Saturday;746;26;partly-cloudy-day;;393;353;708;38;377;331;16
Steinstraße, Moers;2022-07-30 19:00:00 +0200;Saturday;351;26;cloudy;;162;189;338;13;159;179;3
Steinstraße, Moers;2022-07-30 20:00:00 +0200;Saturday;284;26;partly-cloudy-day;;147;137;275;9;143;132;4
Steinstraße, Moers;2022-07-30 21:00:00 +0200;Saturday;196;24;partly-cloudy-day;;90;106;195;1;90;105;0
Steinstraße, Moers;2022-07-30 22:00:00 +0200;Saturday;170;23;cloudy;;70;100;168;2;69;99;1
Steinstraße, Moers;2022-07-30 23:00:00 +0200;Saturday;125;22;cloudy;;44;81;125;0;44;81;0
Steinstraße, Moers;2022-07-31 00:00:00 +0200;Sunday;58;21;cloudy;;31;27;57;1;30;27;1
Steinstraße, Moers;2022-07-31 01:00:00 +0200;Sunday;42;20;cloudy;;14;28;42;0;14;28;0
Steinstraße, Moers;2022-07-31 02:00:00 +0200;Sunday;10;19;cloudy;;6;4;10;0;6;4;0
Steinstraße, Moers;2022-07-31 03:00:00 +0200;Sunday;3;19;cloudy;;1;2;3;0;1;2;0
Steinstraße, Moers;2022-07-31 04:00:00 +0200;Sunday;2;18;cloudy;;0;2;2;0;0;2;0
Steinstraße, Moers;2022-07-31 05:00:00 +0200;Sunday;1;18;cloudy;;0;1;1;0;0;1;0
Steinstraße, Moers;2022-07-31 06:00:00 +0200;Sunday;14;18;cloudy;;4;10;14;0;4;10;0
Steinstraße, Moers;2022-07-31 07:00:00 +0200;Sunday;16;19;partly-cloudy-day;;7;9;15;1;7;8;0
Steinstraße, Moers;2022-07-31 08:00:00 +0200;Sunday;40;19;partly-cloudy-day;;19;21;40;0;19;21;0
Steinstraße, Moers;2022-07-31 09:00:00 +0200;Sunday;76;20;partly-cloudy-day;;43;33;71;5;41;30;2
Steinstraße, Moers;2022-07-31 10:00:00 +0200;Sunday;135;21;cloudy;;87;48;126;9;79;47;8
Steinstraße, Moers;2022-07-31 11:00:00 +0200;Sunday;172;22;cloudy;;81;91;164;8;78;86;3
Steinstraße, Moers;2022-07-31 12:00:00 +0200;Sunday;225;23;partly-cloudy-day;;130;95;220;5;128;92;2
Steinstraße, Moers;2022-07-31 13:00:00 +0200;Sunday;267;25;cloudy;;122;145;260;7;119;141;3
Steinstraße, Moers;2022-07-31 14:00:00 +0200;Sunday;317;27;cloudy;;145;172;302;15;140;162;5
Steinstraße, Moers;2022-07-31 15:00:00 +0200;Sunday;421;26;cloudy;;247;174;395;26;231;164;16
Steinstraße, Moers;2022-07-31 16:00:00 +0200;Sunday;401;26;cloudy;;194;207;384;17;182;202;12
Steinstraße, Moers;2022-07-31 17:00:00 +0200;Sunday;297;25;cloudy;;136;161;279;18;131;148;5
Steinstraße, Moers;2022-07-31 18:00:00 +0200;Sunday;153;24;cloudy;;77;76;149;4;74;75;3
Steinstraße, Moers;2022-07-31 19:00:00 +0200;Sunday;121;23;cloudy;;35;86;117;4;34;83;1
Steinstraße, Moers;2022-07-31 20:00:00 +0200;Sunday;89;22;cloudy;;39;50;84;5;37;47;2
Steinstraße, Moers;2022-07-31 21:00:00 +0200;Sunday;111;21;rain;;67;44;107;4;64;43;3
Steinstraße, Moers;2022-07-31 22:00:00 +0200;Sunday;75;20;cloudy;;43;32;75;0;43;32;0
Steinstraße, Moers;2022-07-31 23:00:00 +0200;Sunday;31;20;cloudy;;14;17;30;1;13;17;1
